11	1	1	1	1	1	15.339	0	1	0	1	1	34	482
11	1	1	1	2	2	10.095	0	2	0	1	2	93	134
11	1	1	1	3	3	23.262	0	2	0	1	5	106	70
11	1	1	1	4	4	7.1562	0	2	0	0	5	90	120
11	1	1	1	5	5	32.176	0	1	0	1	3	13	362
11	1	1	1	6	6	27.841	0	2	0	1	4	106	110
11	1	1	1	7	7	13.392	0	1	0	1	5	14	434
11	1	1	1	8	8	2.928	0	1	0	1	5	34	392
11	1	1	1	9	9	10.119	0	1	0	0	4	24	469
11	1	1	1	10	10	25.36	0	2	0	0	1	119	183
11	1	1	1	11	11	16.757	0	1	0	1	3	29	419
11	1	1	1	12	12	7.1325	0	2	0	1	6	112	55
11	1	1	1	13	13	27.481	0	2	0	0	1	113	78
11	1	1	1	14	14	7.1021	0	2	0	1	1	127	168
11	1	1	1	15	15	13.703	0	1	0	1	5	48	354
11	1	1	1	16	16	15.854	0	2	0	0	2	127	169
11	1	1	1	17	17	4.9327	0	1	0	0	2	39	383
11	1	1	1	18	18	53.658	0	1	0	0	1	10	413
11	1	1	1	19	19	10.088	0	1	0	0	1	15	485
11	1	1	1	20	20	10.883	0	1	0	0	1	31	433
11	1	2	2	1	21	21.172	55	2	0	0	1	125	190
11	1	2	2	2	22	9.8816	55	2	0	0	1	99	164
11	1	2	2	3	23	4.8552	55	1	0	1	1	20	358
11	1	2	2	4	24	14.449	55	1	0	1	1	35	360
11	1	2	2	5	25	3.6212	55	1	0	0	1	31	372
11	1	2	2	6	26	6.2566	55	2	0	0	1	126	105
11	1	2	2	7	27	24.609	55	2	0	0	1	100	52
11	1	2	2	8	28	16.006	55	1	0	0	1	14	419
11	1	2	2	9	29	8.3801	55	1	0	1	1	33	481
11	1	2	2	10	30	7.2643	55	2	0	1	1	121	115
11	1	2	2	11	31	6.1971	55	2	0	0	1	106	105
11	1	2	2	12	32	8.4113	55	2	0	1	1	112	132
11	1	2	2	13	33	8.5335	55	1	0	1	1	42	420
11	1	2	2	14	34	5.8289	55	2	0	1	1	117	71
11	1	2	2	15	35	10.043	55	1	0	1	1	21	457
11	1	2	2	16	36	6.3528	55	1	0	1	1	36	366
11	1	2	2	17	37	10.39	55	2	0	0	3	96	172
11	1	2	2	18	38	17.359	55	2	0	0	1	120	168
11	1	2	2	19	39	7.0497	55	1	0	1	5	46	416
11	1	2	2	20	40	6.1708	55	2	0	1	5	99	133
11	1	3	3	1	41	28.883	55	1	0	1	5	49	427
11	1	3	3	2	42	6.8812	55	2	0	1	5	111	156
11	1	3	3	3	43	4.1308	55	1	0	1	5	22	425
11	1	3	3	4	44	5.8535	55	1	0	0	5	20	436
11	1	3	3	5	45	13.622	55	2	0	0	5	111	141
11	1	3	3	6	46	3.8919	55	2	0	1	5	102	70
11	1	3	3	7	47	11.609	55	2	0	1	5	116	142
11	1	3	3	8	48	6.4409	55	1	0	1	5	31	498
11	1	3	3	9	49	6.691	55	2	0	0	5	109	96
11	1	3	3	10	50	3.7395	55	2	0	0	3	99	65
11	1	3	3	11	51	2.4456	55	2	0	1	5	108	96
11	1	3	3	12	52	11.329	55	2	0	1	5	92	83
11	1	3	3	13	53	3.028	55	1	0	1	5	25	388
11	1	3	3	14	54	23.644	55	1	0	1	5	37	429
11	1	3	3	15	55	3.0698	55	1	0	1	5	33	496
11	1	3	3	16	56	10.181	55	2	0	0	5	97	54
11	1	3	3	17	57	6.0364	55	1	0	0	5	31	367
11	1	3	3	18	58	4.8871	55	2	0	1	5	127	181
11	1	3	3	19	59	5.421	55	1	0	0	5	41	449
11	1	3	3	20	60	8.1398	55	1	0	0	3	43	443
11	1	4	4	1	61	14.774	60	2	0	1	5	115	168
11	1	4	4	2	62	2.6928	60	2	0	0	5	98	184
11	1	4	4	3	63	4.7023	60	1	0	0	5	43	403
11	1	4	4	4	64	4.5037	60	2	0	0	2	126	51
11	1	4	4	5	65	10.869	60	2	0	1	3	96	130
11	1	4	4	6	66	9.4124	60	1	0	1	3	31	488
11	1	4	4	7	67	3.0725	60	1	0	0	3	11	460
11	1	4	4	8	68	10.926	60	2	0	0	1	91	95
11	1	4	4	9	69	8.1031	60	2	0	1	1	129	68
11	1	4	4	10	70	5.3482	60	1	0	1	1	26	487
11	1	4	4	11	71	4.5967	60	2	0	1	1	121	59
11	1	4	4	12	72	12.132	60	1	0	0	1	10	352
11	1	4	4	13	73	3.4803	60	1	0	0	1	31	491
11	1	4	4	14	74	2.8557	60	2	0	1	1	99	80
11	1	4	4	15	75	12.405	60	2	0	0	1	114	198
11	1	4	4	16	76	15.06	60	1	0	0	1	20	350
11	1	4	4	17	77	5.991	60	1	0	1	1	13	454
11	1	4	4	18	78	6.7603	60	2	0	1	1	99	111
11	1	4	4	19	79	6.6681	60	1	0	1	1	18	485
11	1	4	4	20	80	2.2592	60	2	0	1	1	95	98
11	1	5	5	1	81	14.291	55	1	0	0	1	30	438
11	1	5	5	2	82	4.7567	55	1	0	1	1	16	382
11	1	5	5	3	83	5.0545	55	1	0	0	1	28	464
11	1	5	5	4	84	21.952	55	1	0	0	1	18	426
11	1	5	5	5	85	11.166	55	2	0	0	1	115	159
11	1	5	5	6	86	14.526	55	2	0	1	1	93	61
11	1	5	5	7	87	8.4738	55	1	0	0	1	18	467
11	1	5	5	8	88	17.605	55	2	0	0	1	105	114
11	1	5	5	9	89	21.176	55	1	0	0	1	17	471
11	1	5	5	10	90	12.803	55	1	0	0	1	30	498
11	1	5	5	11	91	22.264	55	1	0	1	1	44	355
11	1	5	5	12	92	31.348	55	2	0	0	1	113	105
11	1	5	5	13	93	68.851	55	1	0	0	1	49	444
11	1	5	5	14	94	7.2202	55	1	0	1	1	35	395
11	1	5	5	15	95	11.469	55	1	0	0	1	26	384
11	1	5	5	16	96	13.059	55	1	0	0	1	33	492
11	1	5	5	17	97	8.6852	55	2	0	1	1	105	155
11	1	5	5	18	98	10.617	55	1	0	1	1	44	497
11	1	5	5	19	99	5.7436	55	2	0	1	1	126	169
11	1	5	5	20	100	15.696	55	1	0	0	1	16	476
11	1	6	6	1	101	29.291	35	2	0	0	1	97	159
11	1	6	6	2	102	20.675	35	2	0	0	1	96	196
11	1	6	6	3	103	38.19	35	2	0	1	1	102	185
11	1	6	6	4	104	14.091	35	1	0	0	1	45	487
11	1	6	6	5	105	38.699	35	1	0	0	1	42	397
11	1	6	6	6	106	17.104	35	1	0	1	1	33	359
11	1	6	6	7	107	5.9026	35	2	0	1	1	128	161
11	1	6	6	8	108	4.3882	35	1	0	0	1	49	475
11	1	6	6	9	109	4.4213	35	2	0	1	1	116	125
11	1	6	6	10	110	4.415	35	2	0	1	1	93	194
11	1	6	6	11	111	19.601	35	1	0	0	1	19	434
11	1	6	6	12	112	9.0951	35	2	0	1	1	109	53
11	1	6	6	13	113	5.4068	35	2	0	1	1	99	96
11	1	6	6	14	114	7.4689	35	1	0	1	1	40	471
11	1	6	6	15	115	4.705	35	1	0	1	1	15	371
11	1	6	6	16	116	6.0118	35	2	0	1	1	104	107
11	1	6	6	17	117	2.8782	35	2	0	1	1	122	147
11	1	6	6	18	118	4.3431	35	2	0	1	1	126	141
11	1	6	6	19	119	4.2777	35	2	0	1	1	99	71
11	1	6	6	20	120	3.5538	35	2	0	1	1	122	166
11	1	7	7	1	121	8.2193	70	1	0	1	1	35	401
11	1	7	7	2	122	2.8556	70	2	0	1	1	119	142
11	1	7	7	3	123	4.9003	70	2	0	1	1	105	78
11	1	7	7	4	124	3.8146	70	2	0	1	1	118	118
11	1	7	7	5	125	13.593	70	1	0	1	1	19	394
11	1	7	7	6	126	5.7732	70	2	0	1	1	99	53
11	1	7	7	7	127	5.6473	70	2	0	1	1	117	92
11	1	7	7	8	128	4.701	70	1	0	1	1	42	455
11	1	7	7	9	129	6.4805	70	2	0	1	1	111	163
11	1	7	7	10	130	2.6039	70	1	0	1	1	32	354
11	1	7	7	11	131	4.3293	70	2	0	1	1	98	117
11	1	7	7	12	132	5.7169	70	2	0	1	1	125	128
11	1	7	7	13	133	5.8692	70	2	0	1	5	97	172
11	1	7	7	14	134	3.2062	70	1	0	1	5	20	471
11	1	7	7	15	135	10.383	70	2	0	1	10	128	154
11	1	7	7	16	136	4.9207	70	1	0	0	10	44	439
11	1	7	7	17	137	6.4401	70	2	0	1	10	105	156
11	1	7	7	18	138	4.1473	70	2	0	1	10	93	94
11	1	7	7	19	139	8.4869	70	1	0	1	10	19	368
11	1	7	7	20	140	4.3129	70	2	0	1	10	98	83
11	1	8	8	1	141	7.507	95	1	0	1	10	22	400
11	1	8	8	2	142	8.2035	95	2	0	1	10	114	83
11	1	8	8	3	143	6.9689	95	1	0	1	10	16	383
11	1	8	8	4	144	4.447	95	1	0	1	10	22	421
11	1	8	8	5	145	5.2366	95	1	0	1	10	25	356
11	1	8	8	6	146	6.2606	95	1	0	1	10	49	457
11	1	8	8	7	147	7.4634	95	1	0	1	10	48	369
11	1	8	8	8	148	2.3475	95	1	0	1	10	23	460
11	1	8	8	9	149	6.01	95	2	0	1	10	97	58
11	1	8	8	10	150	4.0066	95	1	0	1	10	12	470
11	1	8	8	11	151	8.2177	95	1	0	1	10	26	425
11	1	8	8	12	152	7.39	95	2	0	1	10	97	88
11	1	8	8	13	153	2.5648	95	2	0	1	10	113	193
11	1	8	8	14	154	5.8025	95	2	0	1	10	129	130
11	1	8	8	15	155	4.3595	95	2	0	1	10	101	183
11	1	8	8	16	156	8.09	95	1	0	1	10	46	364
11	1	8	8	17	157	4.3269	95	2	0	1	10	101	113
11	1	8	8	18	158	4.3617	95	2	0	1	10	96	54
11	1	8	8	19	159	3.9791	95	1	0	1	10	46	352
11	1	8	8	20	160	12.367	95	2	0	1	10	112	177
11	1	9	9	1	161	5.2237	100	1	0	1	10	30	407
11	1	9	9	2	162	4.856	100	2	0	1	10	101	110
11	1	9	9	3	163	3.9989	100	1	0	1	10	34	397
11	1	9	9	4	164	2.9378	100	1	0	1	10	27	393
11	1	9	9	5	165	4.6518	100	2	0	1	10	123	145
11	1	9	9	6	166	6.8606	100	1	0	1	10	36	403
11	1	9	9	7	167	2.7634	100	1	0	1	10	19	445
11	1	9	9	8	168	3.449	100	2	0	1	10	97	96
11	1	9	9	9	169	2.6668	100	1	0	1	10	30	465
11	1	9	9	10	170	2.3606	100	1	0	1	10	25	457
11	1	9	9	11	171	3.5005	100	2	0	1	10	92	124
11	1	9	9	12	172	3.995	100	1	0	1	10	42	370
11	1	9	9	13	173	3.3035	100	1	0	1	10	43	434
11	1	9	9	14	174	4.7431	100	1	0	1	10	28	485
11	1	9	9	15	175	4.8917	100	2	0	1	10	129	78
11	1	9	9	16	176	2.4376	100	1	0	1	10	20	438
11	1	9	9	17	177	6.8065	100	1	0	1	10	35	473
11	1	9	9	18	178	5.1121	100	1	0	1	10	31	478
11	1	9	9	19	179	2.6293	100	1	0	1	10	38	426
11	1	9	9	20	180	3.611	100	2	0	1	10	116	104
11	2	1	1	1	1	12.279	100	1	2	1	10	33	287
11	2	1	1	2	2	4.7094	100	2	4	1	10	109	78
11	2	1	1	3	3	26.492	100	2	3	0	8	80	265
11	2	1	1	4	4	5.0591	100	2	1	1	8	80	131
11	2	1	1	5	5	5.0746	100	1	4	1	8	39	393
11	2	1	1	6	6	8.719	100	2	2	0	8	120	248
11	2	1	1	7	7	9.5599	100	1	3	1	8	64	340
11	2	1	1	8	8	9.7312	100	2	4	1	8	126	59
11	2	1	1	9	9	3.6534	100	2	3	0	8	84	259
11	2	1	1	10	10	4.387	100	2	4	1	8	130	194
11	2	1	1	11	11	3.8004	100	2	1	1	8	78	80
11	2	1	1	12	12	5.2683	100	1	4	1	8	24	399
11	2	1	1	13	13	4.0179	100	1	2	1	8	14	314
11	2	1	1	14	14	2.931	100	1	1	1	8	56	435
11	2	1	1	15	15	10.065	100	2	3	1	1	73	220
11	2	1	1	16	16	4.8796	100	1	4	1	8	46	406
11	2	1	1	17	17	5.3004	100	1	2	1	8	11	311
11	2	1	1	18	18	11.675	100	1	4	1	8	32	425
11	2	1	1	19	19	4.9632	100	2	4	1	8	117	163
11	2	1	1	20	20	4.8663	100	1	4	1	8	41	365
11	2	2	2	1	21	19.493	85	2	2	1	8	92	238
11	2	2	2	2	22	2.6835	85	2	1	1	8	73	91
11	2	2	2	3	23	3.4939	85	1	1	1	8	62	492
11	2	2	2	4	24	2.7074	85	2	4	1	8	124	120
11	2	2	2	5	25	2.8609	85	1	4	1	8	48	397
11	2	2	2	6	26	4.6306	85	1	4	1	8	18	389
11	2	2	2	7	27	2.2991	85	2	4	1	8	129	66
11	2	2	2	8	28	3.2491	85	1	4	1	8	44	440
11	2	2	2	9	29	2.0234	85	2	1	1	8	81	143
11	2	2	2	10	30	8.7803	85	1	2	1	1	15	292
11	2	2	2	11	31	4.2568	85	1	4	1	8	37	440
11	2	2	2	12	32	4.4447	85	2	4	1	8	109	73
11	2	2	2	13	33	4.8324	85	1	3	1	8	56	333
11	2	2	2	14	34	3.7604	85	2	4	1	8	124	135
11	2	2	2	15	35	4.4734	85	1	4	1	8	16	458
11	2	2	2	16	36	3.6673	85	1	4	1	8	11	422
11	2	2	2	17	37	4.2896	85	1	3	1	8	69	340
11	2	2	2	18	38	2.0816	85	1	3	1	8	62	339
11	2	2	2	19	39	2.6939	85	1	4	1	8	31	493
11	2	2	2	20	40	4	85	1	2	1	8	31	311
11	2	3	3	1	41	13.969	100	2	3	1	1	73	238
11	2	3	3	2	42	4.8659	100	1	1	1	8	58	360
11	2	3	3	3	43	5.1936	100	1	3	1	8	64	321
11	2	3	3	4	44	2.1347	100	1	4	1	8	13	435
11	2	3	3	5	45	4.3081	100	1	3	1	8	56	345
11	2	3	3	6	46	4.3433	100	2	4	1	8	96	150
11	2	3	3	7	47	2.1959	100	1	4	1	8	25	387
11	2	3	3	8	48	11.168	100	1	3	1	1	53	278
11	2	3	3	9	49	12.151	100	1	3	1	1	60	291
11	2	3	3	10	50	4.9663	100	1	1	1	8	66	418
11	2	3	3	11	51	4.7376	100	2	2	1	1	100	231
11	2	3	3	12	52	1.8538	100	1	4	1	8	30	421
11	2	3	3	13	53	1.7458	100	1	4	1	8	13	488
11	2	3	3	14	54	5.4172	100	2	3	1	1	89	219
11	2	3	3	15	55	4.3101	100	1	1	1	8	55	413
11	2	3	3	16	56	4.2228	100	1	4	1	8	27	358
11	2	3	3	17	57	7.2988	100	2	4	1	8	122	124
11	2	3	3	18	58	3.6164	100	2	4	1	8	121	193
11	2	3	3	19	59	3.6332	100	1	4	1	8	17	445
11	2	3	3	20	60	2.8881	100	2	1	1	8	78	183
11	2	4	4	1	61	4.3947	100	2	2	1	1	107	205
11	2	4	4	2	62	8.6279	100	1	3	1	8	69	300
11	2	4	4	3	63	2.806	100	1	3	1	8	53	323
11	2	4	4	4	64	3.5103	100	1	3	1	1	62	298
11	2	4	4	5	65	10.765	100	2	3	0	1	71	258
11	2	4	4	6	66	4.6026	100	2	4	1	8	125	185
11	2	4	4	7	67	3.5839	100	2	4	1	8	130	124
11	2	4	4	8	68	5.0056	100	1	2	1	8	26	314
11	2	4	4	9	69	12.717	100	2	2	0	1	94	251
11	2	4	4	10	70	3.1549	100	1	3	1	8	54	333
11	2	4	4	11	71	2.1956	100	2	4	1	8	125	162
11	2	4	4	12	72	13.735	100	1	3	1	1	67	288
11	2	4	4	13	73	6.4634	100	2	4	1	8	119	57
11	2	4	4	14	74	3.3096	100	2	4	1	8	117	159
11	2	4	4	15	75	5.6272	100	2	3	0	1	72	252
11	2	4	4	16	76	4.9006	100	2	4	1	8	103	198
11	2	4	4	17	77	5.0924	100	2	2	1	1	93	202
11	2	4	4	18	78	5.5918	100	1	3	1	1	63	284
11	2	4	4	19	79	3.1789	100	2	4	1	8	114	194
11	2	4	4	20	80	4.2527	100	2	4	1	8	106	105
11	2	5	5	1	81	5.9967	85	2	4	1	8	94	151
11	2	5	5	2	82	3.0646	85	2	4	1	8	109	195
11	2	5	5	3	83	3.5532	85	1	2	1	1	28	294
11	2	5	5	4	84	3.9279	85	1	3	1	8	57	348
11	2	5	5	5	85	4.3797	85	2	2	1	1	106	223
11	2	5	5	6	86	5.1009	85	1	2	1	8	46	337
11	2	5	5	7	87	2.6594	85	1	2	1	8	36	345
11	2	5	5	8	88	5.2784	85	1	2	1	8	21	302
11	2	5	5	9	89	3.0374	85	2	4	1	8	97	143
11	2	5	5	10	90	3.877	85	1	1	1	8	56	469
11	2	5	5	11	91	4.0759	85	2	4	1	8	94	191
11	2	5	5	12	92	6.9644	85	2	3	1	1	82	243
11	2	5	5	13	93	2.3071	85	1	3	1	8	60	327
11	2	5	5	14	94	3.3457	85	2	3	1	1	81	248
11	2	5	5	15	95	4.8771	85	1	1	1	8	56	387
11	2	5	5	16	96	4.9358	85	2	1	1	8	73	145
11	2	5	5	17	97	3.8483	85	2	4	1	8	124	185
11	2	5	5	18	98	3.7867	85	1	4	1	8	19	370
11	2	5	5	19	99	2.0135	85	2	4	1	8	94	192
11	2	5	5	20	100	2.8959	85	2	4	1	8	113	104
11	2	6	6	1	101	20.326	100	2	2	0	1	95	270
11	2	6	6	2	102	9.9079	100	2	3	1	1	88	240
11	2	6	6	3	103	4.7896	100	2	4	1	8	107	138
11	2	6	6	4	104	5.5857	100	1	1	1	8	52	445
11	2	6	6	5	105	3.3374	100	1	4	1	8	40	403
11	2	6	6	6	106	3.3522	100	1	4	1	8	30	474
11	2	6	6	7	107	2.5285	100	1	1	1	8	55	464
11	2	6	6	8	108	4.8496	100	2	3	1	1	81	205
11	2	6	6	9	109	5.2324	100	1	4	1	8	38	489
11	2	6	6	10	110	2.9608	100	2	4	1	8	99	111
11	2	6	6	11	111	3.1305	100	1	2	1	1	39	287
11	2	6	6	12	112	8.1319	100	1	4	1	8	23	467
11	2	6	6	13	113	3.5976	100	2	4	1	8	124	174
11	2	6	6	14	114	2.6495	100	2	2	1	1	116	244
11	2	6	6	15	115	8.6117	100	2	4	1	8	111	112
11	2	6	6	16	116	4.3439	100	1	4	1	8	16	373
11	2	6	6	17	117	5.0712	100	1	4	1	8	41	355
11	2	6	6	18	118	4.2854	100	1	1	1	8	53	487
11	2	6	6	19	119	2.9135	100	1	2	1	1	18	280
11	2	6	6	20	120	4.9683	100	2	3	0	1	87	269
11	2	7	7	1	121	10.772	90	1	2	1	8	41	339
11	2	7	7	2	122	8.52	90	1	4	1	8	46	498
11	2	7	7	3	123	2.3202	90	1	4	1	8	48	360
11	2	7	7	4	124	7.4293	90	2	3	0	8	82	222
11	2	7	7	5	125	9.9806	90	2	1	1	8	73	197
11	2	7	7	6	126	4.5253	90	2	4	0	8	91	97
11	2	7	7	7	127	8.3561	90	2	1	1	8	81	82
11	2	7	7	8	128	6.101	90	2	3	0	1	82	221
11	2	7	7	9	129	28.924	90	2	2	1	1	91	211
11	2	7	7	10	130	4.4563	90	1	2	1	8	32	348
11	2	7	7	11	131	2.0208	90	1	3	1	8	51	326
11	2	7	7	12	132	8.4632	90	2	3	0	1	82	264
11	2	7	7	13	133	8.2042	90	1	3	1	8	52	344
11	2	7	7	14	134	6.6901	90	1	3	1	8	58	336
11	2	7	7	15	135	3.2628	90	1	4	1	8	22	369
11	2	7	7	16	136	7.2868	90	1	4	1	8	25	486
11	2	7	7	17	137	5.9342	90	1	4	1	8	17	434
11	2	7	7	18	138	4.0639	90	1	2	1	8	50	344
11	2	7	7	19	139	3.9549	90	2	4	1	8	119	142
11	2	7	7	20	140	2.2861	90	1	4	1	8	20	490
11	2	8	8	1	141	6.5401	80	2	4	1	8	116	174
11	2	8	8	2	142	4.0027	80	1	4	1	8	14	392
11	2	8	8	3	143	4.8479	80	1	3	1	8	56	308
11	2	8	8	4	144	4.1743	80	1	4	1	8	38	489
11	2	8	8	5	145	5.4928	80	2	1	1	8	82	186
11	2	8	8	6	146	7.8476	80	2	3	1	8	82	228
11	2	8	8	7	147	6.3871	80	2	4	1	8	95	107
11	2	8	8	8	148	3.5252	80	2	4	1	8	104	173
11	2	8	8	9	149	3.5621	80	1	4	1	8	35	405
11	2	8	8	10	150	5.8859	80	1	3	1	8	53	331
11	2	8	8	11	151	5.5949	80	2	2	1	8	126	239
11	2	8	8	12	152	3.2952	80	1	2	1	8	37	334
11	2	8	8	13	153	3.1446	80	1	2	1	8	13	305
11	2	8	8	14	154	6.5571	80	1	3	1	8	56	348
11	2	8	8	15	155	2.8671	80	1	2	1	8	29	322
11	2	8	8	16	156	5.9903	80	1	1	1	8	66	485
11	2	8	8	17	157	2.0401	80	1	4	1	8	35	438
11	2	8	8	18	158	3.8203	80	2	3	1	8	84	204
11	2	8	8	19	159	6.8592	80	1	3	1	8	64	343
11	2	8	8	20	160	9.3177	80	1	3	1	8	64	322
11	2	9	9	1	161	8.7262	100	2	2	1	8	117	219
11	2	9	9	2	162	7.2673	100	2	4	1	8	113	168
11	2	9	9	3	163	14.56	100	1	2	0	8	24	276
11	2	9	9	4	164	3.4981	100	1	2	1	8	45	325
11	2	9	9	5	165	7.2706	100	1	3	1	8	59	345
11	2	9	9	6	166	5.3698	100	2	2	1	8	128	258
11	2	9	9	7	167	3.4783	100	2	2	1	8	126	228
11	2	9	9	8	168	4.9558	100	1	2	1	8	18	314
11	2	9	9	9	169	4.1154	100	2	2	1	8	125	253
11	2	9	9	10	170	3.5924	100	2	2	1	8	119	207
11	2	9	9	11	171	3.3057	100	1	1	1	8	62	416
11	2	9	9	12	172	4.2514	100	1	3	1	8	65	303
11	2	9	9	13	173	2.1849	100	2	2	1	8	123	209
11	2	9	9	14	174	4.3651	100	2	1	1	8	81	155
11	2	9	9	15	175	2.2336	100	1	2	1	8	39	331
11	2	9	9	16	176	3.7329	100	2	4	1	8	115	55
11	2	9	9	17	177	5.7394	100	2	4	1	8	115	141
11	2	9	9	18	178	7.9281	100	2	2	1	8	104	262
11	2	9	9	19	179	2.9237	100	2	4	1	8	124	52
11	2	9	9	20	180	3.2197	100	2	1	1	8	75	111
11	2	10	10	1	181	19.028	95	1	4	1	8	46	486
11	2	10	10	2	182	1.7416	95	1	4	1	8	35	419
11	2	10	10	3	183	2.1638	95	1	3	1	8	51	316
11	2	10	10	4	184	1.9214	95	1	4	1	8	46	388
11	2	10	10	5	185	4.1089	95	1	4	1	8	32	429
11	2	10	10	6	186	2.6572	95	1	3	1	8	65	334
11	2	10	10	7	187	1.7052	95	1	3	1	8	62	316
11	2	10	10	8	188	2.1422	95	2	4	1	8	117	128
11	2	10	10	9	189	1.571	95	1	4	1	8	38	456
11	2	10	10	10	190	3.4784	95	1	3	1	8	58	318
11	2	10	10	11	191	4.0085	95	2	1	1	8	72	102
11	2	10	10	12	192	2.9833	95	2	4	1	8	92	83
11	2	10	10	13	193	2.1342	95	2	3	1	8	83	243
11	2	10	10	14	194	6.305	95	1	2	1	8	19	340
11	2	10	10	15	195	5.3919	95	2	4	1	8	120	74
11	2	10	10	16	196	3.1093	95	2	2	1	8	123	262
11	2	10	10	17	197	2.7985	95	2	2	1	8	118	254
11	2	10	10	18	198	12.344	95	1	2	1	8	11	312
11	2	10	10	19	199	3.0046	95	2	3	1	8	85	215
11	2	10	10	20	200	6.7676	95	2	3	1	8	82	260
11	2	11	11	20	201	6.7676	100	2	3	1	8	82	260
