45	1	1	1	1	1	14.183	0	2	0	0	1	110	177
45	1	1	1	2	2	101.43	0	2	0	0	1	116	193
45	1	1	1	3	3	18.482	0	2	0	1	1	106	98
45	1	1	1	4	4	14.159	0	1	0	1	1	22	416
45	1	1	1	5	5	11.968	0	1	0	1	1	37	454
45	1	1	1	6	6	7.1768	0	1	0	0	1	49	424
45	1	1	1	7	7	11.881	0	1	0	0	1	30	499
45	1	1	1	8	8	8.36	0	1	0	1	1	27	379
45	1	1	1	9	9	12.103	0	2	0	1	1	115	123
45	1	1	1	10	10	15.001	0	2	0	1	1	106	188
45	1	1	1	11	11	7.5991	0	2	0	0	1	122	145
45	1	1	1	12	12	6.2221	0	2	0	0	1	90	77
45	1	1	1	13	13	8.7916	0	1	0	1	1	43	353
45	1	1	1	14	14	4.053	0	1	0	1	1	33	395
45	1	1	1	15	15	5.9821	0	2	0	0	1	96	93
45	1	1	1	16	16	6.2582	0	1	0	1	1	42	459
45	1	1	1	17	17	6.3975	0	1	0	1	1	19	398
45	1	1	1	18	18	2.4661	0	1	0	0	1	48	391
45	1	1	1	19	19	8.4457	0	1	0	1	2	44	370
45	1	1	1	20	20	5.5208	0	1	0	0	1	39	500
45	1	2	2	1	21	12.674	55	1	0	0	1	23	423
45	1	2	2	2	22	7.6162	55	1	0	1	1	21	360
45	1	2	2	3	23	7.9343	55	1	0	0	1	47	459
45	1	2	2	4	24	3.7729	55	1	0	1	1	12	403
45	1	2	2	5	25	5.9831	55	2	0	0	1	120	150
45	1	2	2	6	26	10.452	55	1	0	1	1	17	481
45	1	2	2	7	27	9.1158	55	2	0	0	1	105	61
45	1	2	2	8	28	8.4263	55	1	0	1	2	35	423
45	1	2	2	9	29	11.405	55	2	0	0	1	122	155
45	1	2	2	10	30	7.3151	55	2	0	0	1	106	157
45	1	2	2	11	31	5.6651	55	1	0	0	1	12	473
45	1	2	2	12	32	8.7387	55	1	0	1	1	34	413
45	1	2	2	13	33	6.1424	55	2	0	1	1	128	103
45	1	2	2	14	34	5.0676	55	1	0	0	1	21	433
45	1	2	2	15	35	6.3124	55	2	0	0	1	104	88
45	1	2	2	16	36	10.719	55	2	0	0	1	99	95
45	1	2	2	17	37	8.9629	55	2	0	1	1	113	171
45	1	2	2	18	38	9.8468	55	1	0	1	1	16	390
45	1	2	2	19	39	7.0433	55	2	0	1	1	108	149
45	1	2	2	20	40	4.391	55	1	0	0	1	42	442
45	1	3	3	1	41	14.711	45	1	0	0	1	49	478
45	1	3	3	2	42	14.143	45	2	0	1	1	118	155
45	1	3	3	3	43	5.1373	45	1	0	1	1	33	494
45	1	3	3	4	44	7.1177	45	2	0	1	1	125	128
45	1	3	3	5	45	5.4313	45	2	0	1	1	116	124
45	1	3	3	6	46	7.1667	45	1	0	0	1	35	369
45	1	3	3	7	47	9.5833	45	1	0	1	1	20	485
45	1	3	3	8	48	6.8894	45	1	0	0	1	30	440
45	1	3	3	9	49	5.3554	45	1	0	0	1	47	481
45	1	3	3	10	50	9.599	45	2	0	0	1	109	200
45	1	3	3	11	51	7.1336	45	1	0	0	1	47	386
45	1	3	3	12	52	11.362	45	1	0	0	1	43	380
45	1	3	3	13	53	11.983	45	1	0	1	1	50	391
45	1	3	3	14	54	15.679	45	1	0	0	1	49	446
45	1	3	3	15	55	6.2869	45	1	0	0	1	45	433
45	1	3	3	16	56	3.2558	45	2	0	1	1	105	178
45	1	3	3	17	57	9.4901	45	1	0	1	1	22	493
45	1	3	3	18	58	1.1979	45	2	0	1	1	106	80
45	1	3	3	19	59	0.98529	45	1	0	1	2	15	465
45	1	3	3	20	60	2.2313	45	1	0	0	1	37	388
45	1	4	4	1	61	2.6611	50	2	0	1	1	124	55
45	1	4	4	2	62	3.9548	50	2	0	0	1	118	133
45	1	4	4	3	63	2.468	50	2	0	1	1	119	92
45	1	4	4	4	64	1.5449	50	2	0	1	1	103	100
45	1	4	4	5	65	1.2262	50	2	0	1	2	127	82
45	1	4	4	6	66	2.0008	50	1	0	0	1	19	460
45	1	4	4	7	67	2.4385	50	1	0	1	1	38	415
45	1	4	4	8	68	1.3351	50	1	0	0	1	28	432
45	1	4	4	9	69	4.06	50	1	0	0	1	43	397
45	1	4	4	10	70	11.491	50	2	0	1	1	108	104
45	1	4	4	11	71	2.6432	50	1	0	0	1	44	478
45	1	4	4	12	72	1.9443	50	1	0	0	1	12	384
45	1	4	4	13	73	5.7113	50	1	0	0	1	32	427
45	1	4	4	14	74	5.5956	50	2	0	0	1	94	107
45	1	4	4	15	75	9.6707	50	2	0	0	1	91	111
45	1	4	4	16	76	12.512	50	1	0	0	1	32	398
45	1	4	4	17	77	13.148	50	1	0	1	1	41	422
45	1	4	4	18	78	3.7969	50	2	0	1	1	130	164
45	1	4	4	19	79	2.1089	50	2	0	0	1	117	103
45	1	4	4	20	80	15.85	50	2	0	0	1	95	193
45	1	5	5	1	81	5.625	40	1	0	0	1	35	386
45	1	5	5	2	82	6.4297	40	1	0	1	1	39	391
45	1	5	5	3	83	2.2159	40	1	0	1	1	39	365
45	1	5	5	4	84	5.8969	40	2	0	0	1	95	129
45	1	5	5	5	85	6.4845	40	2	0	0	1	99	175
45	1	5	5	6	86	10.68	40	1	0	0	1	39	376
45	1	5	5	7	87	13.443	40	2	0	1	1	91	65
45	1	5	5	8	88	7.9433	40	1	0	0	1	27	356
45	1	5	5	9	89	8.8402	40	1	0	0	1	47	388
45	1	5	5	10	90	6.1755	40	2	0	0	1	108	166
45	1	5	5	11	91	7.0111	40	2	0	0	1	117	105
45	1	5	5	12	92	8.549	40	1	0	1	1	39	440
45	1	5	5	13	93	6.996	40	2	0	0	1	110	58
45	1	5	5	14	94	2.6672	40	1	0	0	1	38	412
45	1	5	5	15	95	7.6741	40	1	0	1	1	28	356
45	1	5	5	16	96	7.4535	40	2	0	1	1	95	78
45	1	5	5	17	97	4.5792	40	2	0	1	1	121	74
45	1	5	5	18	98	3.2235	40	1	0	1	1	35	457
45	1	5	5	19	99	9.8723	40	1	0	1	2	10	355
45	1	5	5	20	100	5.4682	40	2	0	1	1	128	157
45	1	6	6	1	101	5.6138	50	2	0	0	1	109	74
45	1	6	6	2	102	4.0261	50	1	0	0	1	45	387
45	1	6	6	3	103	12.662	50	2	0	1	1	91	93
45	1	6	6	4	104	9.6758	50	1	0	0	1	45	495
45	1	6	6	5	105	4.8091	50	2	0	1	1	97	59
45	1	6	6	6	106	3.5058	50	1	0	0	1	39	366
45	1	6	6	7	107	5.856	50	2	0	0	1	107	137
45	1	6	6	8	108	15.466	50	1	0	1	1	28	441
45	1	6	6	9	109	10.394	50	2	0	1	1	97	138
45	1	6	6	10	110	2.8068	50	1	0	1	1	41	437
45	1	6	6	11	111	3.4518	50	2	0	1	1	123	73
45	1	6	6	12	112	1.4139	50	2	0	1	2	115	88
45	1	6	6	13	113	2.442	50	2	0	1	2	100	157
45	1	6	6	14	114	2.308	50	1	0	0	1	22	407
45	1	6	6	15	115	0.85488	50	1	0	1	1	24	499
45	1	6	6	16	116	1.2439	50	1	0	1	2	46	454
45	1	6	6	17	117	2.0385	50	2	0	1	2	106	104
45	1	6	6	18	118	1.8945	50	2	0	1	3	113	71
45	1	6	6	19	119	1.3773	50	1	0	1	3	28	377
45	1	6	6	20	120	1.5033	50	2	0	1	4	95	135
45	1	7	7	1	121	2.3545	70	1	0	0	1	11	412
45	1	7	7	2	122	3.8808	70	2	0	0	1	107	71
45	1	7	7	3	123	1.0154	70	1	0	1	2	18	396
45	1	7	7	4	124	0.88973	70	1	0	1	2	36	376
45	1	7	7	5	125	2.2791	70	2	0	0	1	122	170
45	1	7	7	6	126	4.0976	70	2	0	1	1	93	107
45	1	7	7	7	127	1.1281	70	2	0	0	2	123	188
45	1	7	7	8	128	2.2486	70	1	0	0	1	29	386
45	1	7	7	9	129	14.914	70	1	0	0	1	38	452
45	1	7	7	10	130	3.0802	70	1	0	1	1	15	376
45	1	7	7	11	131	1.7044	70	2	0	0	2	90	160
45	1	7	7	12	132	3.5436	70	2	0	0	1	115	196
45	1	7	7	13	133	15.819	70	2	0	1	1	93	103
45	1	7	7	14	134	4.3309	70	1	0	1	1	19	471
45	1	7	7	15	135	2.9161	70	1	0	1	1	17	415
45	1	7	7	16	136	3.4816	70	2	0	1	1	114	66
45	1	7	7	17	137	1.6293	70	2	0	1	2	115	189
45	1	7	7	18	138	2.6724	70	1	0	0	2	14	423
45	1	7	7	19	139	1.8624	70	2	0	1	2	126	114
45	1	7	7	20	140	1.3454	70	1	0	0	1	38	471
45	1	8	8	1	141	12.33	50	1	0	0	1	31	384
45	1	8	8	2	142	8.8714	50	2	0	0	1	117	137
45	1	8	8	3	143	4.1251	50	1	0	1	1	27	480
45	1	8	8	4	144	2.0501	50	1	0	1	1	13	363
45	1	8	8	5	145	2.1328	50	1	0	0	1	14	434
45	1	8	8	6	146	9.9482	50	1	0	0	1	38	363
45	1	8	8	7	147	3.0993	50	1	0	1	1	40	494
45	1	8	8	8	148	1.3842	50	1	0	0	1	27	359
45	1	8	8	9	149	4.6241	50	1	0	0	1	46	443
45	1	8	8	10	150	11.541	50	1	0	0	1	26	444
45	1	8	8	11	151	4.0644	50	2	0	0	1	106	177
45	1	8	8	12	152	5.0128	50	2	0	1	1	113	152
45	1	8	8	13	153	1.1609	50	1	0	0	1	28	434
45	1	8	8	14	154	4.1192	50	1	0	0	1	15	388
45	1	8	8	15	155	1.0067	50	2	0	0	1	91	171
45	1	8	8	16	156	4.9909	50	2	0	1	1	118	68
45	1	8	8	17	157	13.123	50	1	0	1	1	33	375
45	1	8	8	18	158	2.5702	50	2	0	1	1	98	143
45	1	8	8	19	159	2.5203	50	1	0	1	1	47	445
45	1	8	8	20	160	1.4238	50	1	0	0	1	42	462
45	1	9	9	1	161	16.634	40	2	0	0	1	122	192
45	1	9	9	2	162	2.2509	40	1	0	1	1	16	475
45	1	9	9	3	163	6.4707	40	1	0	1	1	31	398
45	1	9	9	4	164	1.3301	40	1	0	1	1	11	498
45	1	9	9	5	165	5.4955	40	1	0	0	1	15	363
45	1	9	9	6	166	2.0735	40	1	0	0	1	41	496
45	1	9	9	7	167	0.83173	40	1	0	0	1	29	466
45	1	9	9	8	168	0.81036	40	2	0	0	1	127	180
45	1	9	9	9	169	5.4953	40	1	0	0	1	41	460
45	1	9	9	10	170	4.412	40	1	0	0	1	35	386
45	1	9	9	11	171	4.9869	40	1	0	1	1	14	400
45	1	9	9	12	172	11.644	40	1	0	1	1	38	381
45	1	9	9	13	173	0.87353	40	1	0	0	1	36	452
45	1	9	9	14	174	0.97248	40	1	0	0	1	38	437
45	1	9	9	15	175	0.78452	40	2	0	0	1	113	169
45	1	9	9	16	176	2.9825	40	1	0	0	1	23	450
45	1	9	9	17	177	2.7922	40	2	0	0	1	112	173
45	1	9	9	18	178	1.3143	40	2	0	0	1	107	104
45	1	9	9	19	179	0.81064	40	2	0	1	1	107	127
45	1	9	9	20	180	1.9686	40	1	0	1	1	27	354
45	1	10	10	1	181	19.682	35	1	0	1	1	26	428
45	1	10	10	2	182	8.4656	35	1	0	0	1	38	485
45	1	10	10	3	183	4.6339	35	1	0	0	1	42	371
45	1	10	10	4	184	3.179	35	2	0	0	1	129	87
45	1	10	10	5	185	3.8788	35	2	0	1	1	97	88
45	1	10	10	6	186	2.8409	35	1	0	0	1	49	368
45	1	10	10	7	187	5.5624	35	1	0	0	1	28	468
45	1	10	10	8	188	14.279	35	1	0	1	1	31	459
45	1	10	10	9	189	3.7833	35	1	0	0	1	44	458
45	1	10	10	10	190	9.3346	35	2	0	1	1	93	56
45	1	10	10	11	191	2.5603	35	2	0	0	1	122	161
45	1	10	10	12	192	11.638	35	2	0	1	1	110	56
45	1	10	10	13	193	1.5033	35	1	0	0	1	18	479
45	1	10	10	14	194	0.79098	35	2	0	0	1	109	166
45	1	10	10	15	195	1.1915	35	2	0	1	1	128	73
45	1	10	10	16	196	5.2366	35	1	0	1	2	20	426
45	1	10	10	17	197	2.019	35	1	0	1	2	27	366
45	1	10	10	18	198	1.7263	35	2	0	0	1	122	143
45	1	10	10	19	199	4.6268	35	1	0	0	2	38	454
45	1	10	10	20	200	3.7002	35	2	0	1	2	91	122
45	1	11	11	1	201	20.383	45	2	0	1	1	124	134
45	1	11	11	2	202	0.94214	45	1	0	0	1	33	482
45	1	11	11	3	203	1.2772	45	2	0	1	1	127	111
45	1	11	11	4	204	1.4233	45	1	0	1	1	21	429
45	1	11	11	5	205	0.85118	45	2	0	1	1	99	52
45	1	11	11	6	206	2.9911	45	1	0	0	1	34	362
45	1	11	11	7	207	0.91469	45	2	0	0	1	105	136
45	1	11	11	8	208	0.90433	45	2	0	1	2	117	150
45	1	11	11	9	209	1.1689	45	2	0	1	2	116	166
45	1	11	11	10	210	0.76605	45	1	0	0	1	20	377
45	1	11	11	11	211	2.4746	45	1	0	1	1	25	490
45	1	11	11	12	212	0.75548	45	2	0	1	1	95	169
45	1	11	11	13	213	0.9444	45	2	0	1	1	106	153
45	1	11	11	14	214	0.65922	45	1	0	1	2	18	364
45	1	11	11	15	215	1.7809	45	1	0	0	2	33	351
45	1	11	11	16	216	1.0083	45	2	0	1	1	119	93
45	1	11	11	17	217	1.5041	45	2	0	1	2	130	184
45	1	11	11	18	218	1.078	45	2	0	1	1	129	156
45	1	11	11	19	219	0.8691	45	2	0	0	1	97	102
45	1	11	11	20	220	1.8362	45	1	0	1	1	13	362
45	1	12	12	1	221	0.87594	70	2	0	1	2	124	73
45	1	12	12	2	222	0.82023	70	2	0	1	2	110	177
45	1	12	12	3	223	0.73393	70	2	0	0	2	109	104
45	1	12	12	4	224	0.96355	70	2	0	0	2	114	156
45	1	12	12	5	225	2.0384	70	1	0	0	2	29	450
45	1	12	12	6	226	2.7258	70	2	0	1	2	119	95
45	1	12	12	7	227	1.8678	70	1	0	1	2	11	452
45	1	12	12	8	228	2.1876	70	2	0	1	2	97	75
45	1	12	12	9	229	1.674	70	1	0	0	3	37	359
45	1	12	12	10	230	1.2261	70	2	0	1	1	109	162
45	1	12	12	11	231	0.9349	70	1	0	1	2	21	413
45	1	12	12	12	232	1.2499	70	1	0	1	2	31	453
45	1	12	12	13	233	1.1984	70	2	0	0	2	120	155
45	1	12	12	14	234	0.77216	70	1	0	1	2	36	477
45	1	12	12	15	235	0.75135	70	1	0	1	2	41	416
45	1	12	12	16	236	1.241	70	1	0	1	2	45	368
45	1	12	12	17	237	1.1521	70	1	0	1	2	22	459
45	1	12	12	18	238	2.6198	70	2	0	0	1	99	110
45	1	12	12	19	239	0.88266	70	1	0	0	1	28	463
45	1	12	12	20	240	1.1211	70	1	0	0	1	37	483
45	1	13	13	1	241	1.4217	60	1	0	0	1	44	407
45	1	13	13	2	242	0.69443	60	2	0	1	2	120	81
45	1	13	13	3	243	0.6561	60	2	0	0	2	128	148
45	1	13	13	4	244	0.79889	60	1	0	1	1	39	483
45	1	13	13	5	245	0.63547	60	2	0	0	1	129	117
45	1	13	13	6	246	1.1112	60	1	0	0	1	39	373
45	1	13	13	7	247	1.2605	60	1	0	1	1	49	440
45	1	13	13	8	248	0.88863	60	2	0	1	1	109	70
45	1	13	13	9	249	0.97678	60	1	0	1	1	46	489
45	1	13	13	10	250	0.70673	60	1	0	1	1	26	399
45	1	13	13	11	251	1.6521	60	1	0	0	1	23	455
45	1	13	13	12	252	0.69033	60	1	0	1	1	47	420
45	1	13	13	13	253	0.86867	60	2	0	0	1	111	175
45	1	13	13	14	254	0.88242	60	2	0	0	3	99	173
45	1	13	13	15	255	1.5612	60	2	0	0	3	95	135
45	1	13	13	16	256	2.4063	60	2	0	0	1	120	86
45	1	13	13	17	257	0.68122	60	1	0	1	1	15	381
45	1	13	13	18	258	1.1205	60	1	0	1	1	22	394
45	1	13	13	19	259	1.1171	60	2	0	0	1	107	168
45	1	13	13	20	260	0.74364	60	2	0	1	1	129	65
45	1	14	14	1	261	2.5608	50	1	0	0	1	21	464
45	1	14	14	2	262	1.7726	50	1	0	0	1	46	377
45	1	14	14	3	263	1.1798	50	1	0	0	1	39	421
45	1	14	14	4	264	0.9835	50	2	0	0	1	93	190
45	1	14	14	5	265	1.1153	50	2	0	0	1	96	163
45	1	14	14	6	266	1.9983	50	2	0	1	1	116	60
45	1	14	14	7	267	0.96477	50	1	0	0	1	18	449
45	1	14	14	8	268	0.68889	50	2	0	0	2	116	115
45	1	14	14	9	269	3.6383	50	1	0	0	1	39	400
45	1	14	14	10	270	1.906	50	2	0	1	1	108	173
45	1	14	14	11	271	1.7066	50	2	0	0	1	90	129
45	1	14	14	12	272	3.2721	50	2	0	1	1	114	147
45	1	14	14	13	273	2.2703	50	2	0	0	1	114	101
45	1	14	14	14	274	1.5145	50	1	0	0	1	21	453
45	1	14	14	15	275	1.2204	50	2	0	1	1	108	113
45	1	14	14	16	276	0.96539	50	2	0	0	1	112	167
45	1	14	14	17	277	4.4968	50	1	0	0	1	40	397
45	1	14	14	18	278	3.3063	50	2	0	0	1	114	128
45	1	14	14	19	279	2.213	50	2	0	1	1	126	134
45	1	14	14	20	280	1.0574	50	2	0	0	1	129	161
45	1	15	15	1	281	8.7188	25	1	0	1	1	18	437
45	1	15	15	2	282	1.0038	25	1	0	0	2	39	470
45	1	15	15	3	283	2.5747	25	2	0	1	1	116	145
45	1	15	15	4	284	2.2409	25	1	0	0	1	28	469
45	1	15	15	5	285	1.3388	25	1	0	0	1	24	373
45	1	15	15	6	286	0.91274	25	1	0	0	2	38	355
45	1	15	15	7	287	5.1005	25	2	0	0	1	91	118
45	1	15	15	8	288	6.0097	25	2	0	1	1	112	169
45	1	15	15	9	289	2.4447	25	2	0	0	1	125	54
45	1	15	15	10	290	6.4561	25	2	0	0	1	100	93
45	1	15	15	11	291	5.1667	25	1	0	0	1	44	380
45	1	15	15	12	292	3.8019	25	2	0	1	1	102	144
45	1	15	15	13	293	2.0649	25	2	0	1	1	104	197
45	1	15	15	14	294	3.1834	25	2	0	1	1	123	166
45	1	15	15	15	295	2.9435	25	1	0	0	1	10	398
45	1	15	15	16	296	2.2704	25	1	0	1	1	22	495
45	1	15	15	17	297	3.0765	25	1	0	0	1	32	445
45	1	15	15	18	298	3.4527	25	2	0	0	1	123	65
45	1	15	15	19	299	1.815	25	2	0	1	1	126	139
45	1	15	15	20	300	2.7169	25	1	0	1	1	27	489
45	1	16	16	1	301	3.4259	45	2	0	1	1	108	161
45	1	16	16	2	302	3.0721	45	1	0	1	2	21	358
45	1	16	16	3	303	4.3172	45	2	0	1	3	94	111
45	1	16	16	4	304	1.1863	45	2	0	0	3	112	99
45	1	16	16	5	305	1.6728	45	1	0	0	1	42	468
45	1	16	16	6	306	1.4376	45	1	0	0	1	47	373
45	1	16	16	7	307	1.5641	45	2	0	0	1	99	187
45	1	16	16	8	308	1.7451	45	2	0	1	1	92	62
45	1	16	16	9	309	5.0169	45	1	0	0	1	42	382
45	1	16	16	10	310	3.2809	45	2	0	0	1	115	134
45	1	16	16	11	311	0.81196	45	2	0	0	1	109	163
45	1	16	16	12	312	1.8245	45	1	0	0	1	26	363
45	1	16	16	13	313	0.71937	45	1	0	1	1	27	409
45	1	16	16	14	314	2.2666	45	2	0	0	1	95	140
45	1	16	16	15	315	1.4372	45	1	0	1	1	11	408
45	1	16	16	16	316	1.7559	45	2	0	1	1	116	151
45	1	16	16	17	317	1.8374	45	2	0	0	1	94	69
45	1	16	16	18	318	1.2412	45	1	0	0	1	33	447
45	1	16	16	19	319	1.3144	45	2	0	0	1	96	137
45	1	16	16	20	320	7.4082	45	1	0	0	1	33	467
45	1	17	17	1	321	4.5755	35	1	0	1	1	13	381
45	1	17	17	2	322	1.3813	35	2	0	0	1	101	56
45	1	17	17	3	323	6.1154	35	1	0	0	1	40	441
45	1	17	17	4	324	3.6458	35	1	0	0	1	32	404
45	1	17	17	5	325	10.101	35	1	0	1	1	26	399
45	1	17	17	6	326	7.7789	35	1	0	1	1	24	352
45	1	17	17	7	327	3.3047	35	1	0	1	2	17	500
45	1	17	17	8	328	1.2599	35	1	0	1	2	41	386
45	1	17	17	9	329	3.4523	35	1	0	0	2	27	448
45	1	17	17	10	330	4.2095	35	2	0	1	2	119	176
45	1	17	17	11	331	2.86	35	2	0	1	2	110	127
45	1	17	17	12	332	4.065	35	2	0	0	2	96	74
45	1	17	17	13	333	2.4928	35	2	0	1	2	112	54
45	1	17	17	14	334	4.7037	35	2	0	0	2	127	108
45	1	17	17	15	335	2.5146	35	1	0	1	3	34	457
45	1	17	17	16	336	4.6499	35	2	0	0	2	113	167
45	1	17	17	17	337	2.9757	35	2	0	1	2	116	142
45	1	17	17	18	338	2.2174	35	1	0	0	2	31	450
45	1	17	17	19	339	4.2672	35	1	0	0	1	23	428
45	1	17	17	20	340	9.0796	35	1	0	1	1	20	412
45	1	18	18	1	341	3.5948	55	1	0	1	1	43	363
45	1	18	18	2	342	3.1505	55	2	0	1	1	116	198
45	1	18	18	3	343	2.729	55	2	0	1	1	120	78
45	1	18	18	4	344	2.2393	55	2	0	1	1	97	176
45	1	18	18	5	345	2.3356	55	1	0	0	1	20	480
45	1	18	18	6	346	4.5696	55	2	0	0	1	102	78
45	1	18	18	7	347	2.709	55	1	0	0	1	38	355
45	1	18	18	8	348	9.1319	55	2	0	1	1	114	164
45	1	18	18	9	349	0.8082	55	2	0	0	1	124	172
45	1	18	18	10	350	0.98817	55	2	0	0	1	124	105
45	1	18	18	11	351	0.87216	55	2	0	1	1	129	145
45	1	18	18	12	352	0.59181	55	2	0	1	1	102	122
45	1	18	18	13	353	0.87028	55	2	0	1	1	121	103
45	1	18	18	14	354	1.0446	55	2	0	1	1	97	120
45	1	18	18	15	355	0.74514	55	1	0	0	1	22	352
45	1	18	18	16	356	0.59515	55	1	0	0	1	18	352
45	1	18	18	17	357	0.70243	55	2	0	1	1	116	163
45	1	18	18	18	358	1.3724	55	2	0	1	2	94	145
45	1	18	18	19	359	1.0908	55	1	0	0	1	11	371
45	1	18	18	20	360	0.59423	55	1	0	0	2	22	415
45	1	19	19	1	361	3.1637	55	2	0	1	1	97	139
45	1	19	19	2	362	0.57981	55	2	0	1	1	117	85
45	1	19	19	3	363	0.53917	55	1	0	1	1	29	474
45	1	19	19	4	364	0.77406	55	1	0	1	1	30	410
45	1	19	19	5	365	1.1468	55	1	0	1	1	27	362
45	1	19	19	6	366	0.68297	55	2	0	1	1	98	118
45	1	19	19	7	367	1.6534	55	2	0	1	2	124	86
45	1	19	19	8	368	0.70203	55	2	0	1	3	112	104
45	1	19	19	9	369	1.0849	55	2	0	0	3	113	156
45	1	19	19	10	370	0.56426	55	1	0	0	1	40	363
45	1	19	19	11	371	0.77835	55	1	0	0	2	32	472
45	1	19	19	12	372	1.5512	55	1	0	0	3	20	375
45	1	19	19	13	373	0.48435	55	2	0	1	1	129	75
45	1	19	19	14	374	0.64705	55	1	0	1	2	40	446
45	1	19	19	15	375	1.436	55	1	0	0	3	48	357
45	1	19	19	16	376	0.78273	55	1	0	1	1	27	395
45	1	19	19	17	377	0.71201	55	1	0	0	2	22	422
45	1	19	19	18	378	1.3155	55	2	0	1	2	119	89
45	1	19	19	19	379	0.77405	55	2	0	0	1	115	72
45	1	19	19	20	380	0.85204	55	1	0	0	2	41	423
45	1	20	20	1	381	3.2447	60	1	0	0	1	44	412
45	1	20	20	2	382	0.40379	60	1	0	0	1	20	485
45	1	20	20	3	383	0.31557	60	2	0	1	1	91	171
45	1	20	20	4	384	0.59162	60	2	0	1	1	98	118
45	1	20	20	5	385	0.61167	60	2	0	0	2	111	177
45	1	20	20	6	386	0.43744	60	1	0	1	2	50	469
45	1	20	20	7	387	0.7347	60	1	0	1	2	43	458
45	1	20	20	8	388	0.98158	60	1	0	1	3	37	438
45	1	20	20	9	389	0.40412	60	2	0	1	3	94	147
45	1	20	20	10	390	0.5517	60	1	0	1	4	30	440
45	1	20	20	11	391	0.76501	60	1	0	1	4	22	428
45	1	20	20	12	392	0.4554	60	2	0	1	4	112	164
45	1	20	20	13	393	0.4317	60	1	0	1	3	23	454
45	1	20	20	14	394	1.1514	60	2	0	0	4	93	73
45	1	20	20	15	395	3.2426	60	1	0	1	2	48	432
45	1	20	20	16	396	2.4535	60	1	0	1	2	20	426
45	1	20	20	17	397	0.65113	60	2	0	1	3	117	138
45	1	20	20	18	398	0.62995	60	1	0	0	3	47	442
45	1	20	20	19	399	0.50578	60	2	0	0	3	96	165
45	1	20	20	20	400	0.60613	60	1	0	1	3	14	395
45	2	1	1	1	1	4.678	70	1	2	0	1	34	332
45	2	1	1	2	2	3.332	70	2	4	0	1	129	67
45	2	1	1	3	3	0.77011	70	1	4	0	1	32	473
45	2	1	1	4	4	1.1046	70	1	1	0	2	57	477
45	2	1	1	5	5	0.69495	70	1	3	0	3	67	306
45	2	1	1	6	6	1.0603	70	1	2	1	3	37	288
45	2	1	1	7	7	0.81925	70	2	4	1	2	92	97
45	2	1	1	8	8	0.66556	70	2	4	0	3	121	163
45	2	1	1	9	9	2.0099	70	1	3	0	2	53	282
45	2	1	1	10	10	3.8279	70	1	3	0	1	55	284
45	2	1	1	11	11	3.1999	70	1	4	1	1	31	387
45	2	1	1	12	12	2.8154	70	1	2	0	2	31	286
45	2	1	1	13	13	1.9759	70	2	4	0	3	109	108
45	2	1	1	14	14	3.2104	70	2	1	0	3	86	61
45	2	1	1	15	15	3.2179	70	1	3	1	2	65	341
45	2	1	1	16	16	2.2608	70	1	3	0	2	64	292
45	2	1	1	17	17	2.7525	70	1	3	0	2	60	320
45	2	1	1	18	18	3.1168	70	2	4	0	1	124	61
45	2	1	1	19	19	1.4913	70	1	3	0	2	68	284
45	2	1	1	20	20	3.7281	70	1	1	0	2	66	455
45	2	2	2	1	21	9.7499	20	2	1	0	1	80	193
45	2	2	2	2	22	1.9849	20	2	3	0	2	75	216
45	2	2	2	3	23	2.2502	20	1	1	0	2	59	366
45	2	2	2	4	24	2.0739	20	2	1	1	3	75	177
45	2	2	2	5	25	1.437	20	2	2	1	3	116	234
45	2	2	2	6	26	2.4474	20	2	4	1	1	109	122
45	2	2	2	7	27	2.3761	20	2	4	0	2	107	56
45	2	2	2	8	28	1.7172	20	2	4	0	2	94	178
45	2	2	2	9	29	2.536	20	2	3	0	2	74	202
45	2	2	2	10	30	2.228	20	1	2	1	2	36	338
45	2	2	2	11	31	4.9629	20	2	4	1	2	118	193
45	2	2	2	12	32	1.7631	20	2	2	0	2	105	232
45	2	2	2	13	33	2.4736	20	2	3	1	2	88	241
45	2	2	2	14	34	3.6061	20	1	1	1	2	64	480
45	2	2	2	15	35	1.6725	20	1	4	0	2	46	391
45	2	2	2	16	36	1.0674	20	2	1	0	2	77	145
45	2	2	2	17	37	2.9388	20	2	3	1	2	77	225
45	2	2	2	18	38	3.2226	20	2	2	1	2	128	260
45	2	2	2	19	39	1.9969	20	1	3	0	2	53	317
45	2	2	2	20	40	3.3412	20	2	3	1	2	86	238
45	2	3	3	1	41	1.3043	50	2	1	0	2	72	137
45	2	3	3	2	42	2.7569	50	2	3	0	2	81	272
45	2	3	3	3	43	3.8868	50	2	4	1	2	111	101
45	2	3	3	4	44	2.2764	50	2	1	1	2	88	137
45	2	3	3	5	45	1.4039	50	2	3	1	2	86	220
45	2	3	3	6	46	2.4982	50	1	3	0	2	59	284
45	2	3	3	7	47	2.934	50	2	1	1	2	80	170
45	2	3	3	8	48	3.3865	50	2	4	1	2	93	56
45	2	3	3	9	49	2.3045	50	2	2	1	2	106	202
45	2	3	3	10	50	1.3049	50	1	4	1	2	12	413
45	2	3	3	11	51	3.2139	50	1	3	0	2	54	307
45	2	3	3	12	52	2.4712	50	1	4	1	2	49	397
45	2	3	3	13	53	2.5903	50	1	3	1	2	60	320
45	2	3	3	14	54	3.0327	50	2	1	0	2	87	139
45	2	3	3	15	55	1.478	50	2	4	0	2	92	110
45	2	3	3	16	56	1.5169	50	2	4	1	2	114	175
45	2	3	3	17	57	1.0625	50	1	2	0	2	14	305
45	2	3	3	18	58	2.2849	50	1	4	0	2	23	436
45	2	3	3	19	59	2.0088	50	2	2	0	2	113	231
45	2	3	3	20	60	6.5692	50	1	3	1	2	60	339
45	2	4	4	1	61	4.4067	55	2	3	1	2	74	244
45	2	4	4	2	62	1.4717	55	1	4	0	2	19	420
45	2	4	4	3	63	1.8427	55	1	3	0	2	52	323
45	2	4	4	4	64	1.6335	55	1	1	0	2	66	406
45	2	4	4	5	65	0.90828	55	1	3	0	2	66	333
45	2	4	4	6	66	1.2709	55	1	4	0	2	23	466
45	2	4	4	7	67	3.347	55	2	1	1	2	82	76
45	2	4	4	8	68	1.1191	55	1	2	0	2	39	326
45	2	4	4	9	69	1.8896	55	2	3	0	2	87	225
45	2	4	4	10	70	1.5185	55	2	4	1	2	94	79
45	2	4	4	11	71	1.9629	55	1	3	1	2	67	298
45	2	4	4	12	72	0.70522	55	1	4	0	2	12	396
45	2	4	4	13	73	1.0663	55	1	4	1	2	12	412
45	2	4	4	14	74	1.1227	55	2	3	0	2	73	270
45	2	4	4	15	75	6.0197	55	2	1	0	2	85	185
45	2	4	4	16	76	2.2851	55	1	4	1	2	28	391
45	2	4	4	17	77	1.2634	55	2	3	0	2	77	243
45	2	4	4	18	78	2.2639	55	2	1	0	2	72	77
45	2	4	4	19	79	2.3244	55	1	3	0	2	59	315
45	2	4	4	20	80	4.1727	55	2	3	0	2	81	245
45	2	5	5	1	81	2.0014	30	2	4	0	2	127	125
45	2	5	5	2	82	2.4419	30	2	2	1	2	115	255
45	2	5	5	3	83	1.9035	30	2	4	0	2	127	112
45	2	5	5	4	84	1.4702	30	2	4	0	2	113	168
45	2	5	5	5	85	2.962	30	1	1	0	2	60	457
45	2	5	5	6	86	1.5587	30	1	1	1	2	63	356
45	2	5	5	7	87	2.314	30	2	2	1	2	122	266
45	2	5	5	8	88	1.6781	30	1	3	1	2	58	313
45	2	5	5	9	89	2.958	30	1	2	1	2	47	339
45	2	5	5	10	90	1.8757	30	2	4	1	2	105	120
45	2	5	5	11	91	6.4432	30	2	4	1	2	120	169
45	2	5	5	12	92	1.8542	30	2	2	0	2	114	211
45	2	5	5	13	93	3.656	30	1	4	0	2	42	371
45	2	5	5	14	94	2.4453	30	1	4	0	2	11	382
45	2	5	5	15	95	1.3087	30	2	3	1	2	72	264
45	2	5	5	16	96	3.5123	30	1	4	1	2	18	401
45	2	5	5	17	97	1.6597	30	1	4	0	2	39	469
45	2	5	5	18	98	1.4313	30	2	4	0	2	112	53
45	2	5	5	19	99	2.1342	30	2	4	1	2	116	199
45	2	5	5	20	100	1.6322	30	2	2	1	2	113	205
45	2	6	6	1	101	2.5548	55	2	4	0	2	97	144
45	2	6	6	2	102	1.9854	55	1	4	0	1	44	379
45	2	6	6	3	103	3.3462	55	1	4	0	1	18	464
45	2	6	6	4	104	1.3663	55	1	2	1	1	27	289
45	2	6	6	5	105	1.9159	55	1	3	1	1	65	333
45	2	6	6	6	106	1.1788	55	1	2	0	1	47	285
45	2	6	6	7	107	1.0971	55	2	4	0	1	102	186
45	2	6	6	8	108	1.5738	55	1	3	0	1	68	334
45	2	6	6	9	109	1.1919	55	2	2	0	1	96	228
45	2	6	6	10	110	0.94199	55	1	1	0	1	58	379
45	2	6	6	11	111	1.6024	55	2	4	0	1	98	164
45	2	6	6	12	112	1.8069	55	1	4	0	1	40	463
45	2	6	6	13	113	6.1339	55	1	2	0	1	47	310
45	2	6	6	14	114	0.90799	55	2	3	0	1	85	271
45	2	6	6	15	115	1.7689	55	1	3	0	1	60	289
45	2	6	6	16	116	0.63294	55	1	4	1	1	19	394
45	2	6	6	17	117	1.8499	55	1	4	1	1	31	479
45	2	6	6	18	118	1.4817	55	2	4	1	1	94	167
45	2	6	6	19	119	1.281	55	2	4	0	1	94	146
45	2	6	6	20	120	3.8466	55	1	2	1	1	19	300
45	2	7	7	1	121	3.9572	30	2	3	0	1	72	211
45	2	7	7	2	122	1.8529	30	2	2	0	1	96	255
45	2	7	7	3	123	1.6816	30	2	4	0	1	111	174
45	2	7	7	4	124	1.985	30	1	3	0	1	55	346
45	2	7	7	5	125	2.3212	30	1	1	1	1	67	425
45	2	7	7	6	126	1.9439	30	2	2	1	1	114	252
45	2	7	7	7	127	0.99803	30	2	4	0	1	117	171
45	2	7	7	8	128	4.0038	30	1	1	0	1	62	423
45	2	7	7	9	129	1.5563	30	1	3	1	1	62	285
45	2	7	7	10	130	2.4862	30	2	3	1	1	76	247
45	2	7	7	11	131	2.4881	30	1	4	1	1	15	384
45	2	7	7	12	132	1.6311	30	2	2	1	1	126	262
45	2	7	7	13	133	1.0243	30	1	2	1	1	37	344
45	2	7	7	14	134	1.6671	30	2	2	1	1	99	262
45	2	7	7	15	135	1.1898	30	2	4	0	1	101	158
45	2	7	7	16	136	3.5985	30	1	2	0	1	19	291
45	2	7	7	17	137	3.1361	30	1	4	0	1	46	470
45	2	7	7	18	138	2.1989	30	1	1	1	1	59	466
45	2	7	7	19	139	5.1978	30	1	2	1	1	18	345
45	2	7	7	20	140	2.2826	30	2	3	0	1	84	238
45	2	8	8	1	141	2.5169	50	1	3	1	1	67	338
45	2	8	8	2	142	1.7199	50	2	4	0	1	120	165
45	2	8	8	3	143	1.202	50	1	2	1	1	39	308
45	2	8	8	4	144	2.783	50	2	3	1	1	80	231
45	2	8	8	5	145	2.1274	50	2	3	1	1	76	241
45	2	8	8	6	146	1.0137	50	1	4	0	1	30	412
45	2	8	8	7	147	1.6681	50	2	3	0	1	89	215
45	2	8	8	8	148	0.87095	50	1	4	0	1	50	483
45	2	8	8	9	149	1.1586	50	2	2	0	1	118	203
45	2	8	8	10	150	1.1813	50	1	2	0	1	42	276
45	2	8	8	11	151	1.2479	50	2	1	0	1	73	109
45	2	8	8	12	152	1.8551	50	2	4	0	1	94	108
45	2	8	8	13	153	1.6288	50	2	1	1	1	86	196
45	2	8	8	14	154	1.5957	50	2	4	0	1	91	133
45	2	8	8	15	155	2.5839	50	2	3	1	1	74	248
45	2	8	8	16	156	2.6125	50	2	2	0	1	102	244
45	2	8	8	17	157	1.2836	50	2	2	0	1	129	211
45	2	8	8	18	158	2.0233	50	1	1	0	1	55	445
45	2	8	8	19	159	5.8773	50	2	3	0	1	82	242
45	2	8	8	20	160	2.1486	50	1	1	1	1	55	422
45	2	9	9	1	161	1.2468	35	1	4	1	1	24	396
45	2	9	9	2	162	1.3448	35	1	1	0	1	63	467
45	2	9	9	3	163	1.6823	35	2	4	1	1	108	151
45	2	9	9	4	164	0.77609	35	1	1	1	1	56	376
45	2	9	9	5	165	1.6376	35	2	2	1	1	112	266
45	2	9	9	6	166	2.1126	35	1	3	0	1	68	288
45	2	9	9	7	167	2.0358	35	1	2	0	1	18	328
45	2	9	9	8	168	2.4394	35	1	2	0	1	31	333
45	2	9	9	9	169	1.6864	35	1	4	1	1	46	487
45	2	9	9	10	170	1.5595	35	2	2	1	1	98	235
45	2	9	9	11	171	3.4354	35	2	4	1	1	124	135
45	2	9	9	12	172	1.5873	35	1	1	1	1	58	376
45	2	9	9	13	173	1.4432	35	2	4	0	1	125	121
45	2	9	9	14	174	0.70158	35	2	4	0	1	111	134
45	2	9	9	15	175	3.6204	35	1	3	0	1	61	288
45	2	9	9	16	176	0.94313	35	2	4	1	1	103	163
45	2	9	9	17	177	1.1525	35	2	3	1	1	73	261
45	2	9	9	18	178	0.99345	35	1	4	0	1	29	412
45	2	9	9	19	179	2.2327	35	1	3	1	1	53	345
45	2	9	9	20	180	1.7361	35	1	3	0	1	51	302
45	2	10	10	1	181	2.5434	55	2	3	0	1	88	231
45	2	10	10	2	182	1.6854	55	2	2	0	1	94	211
45	2	10	10	3	183	1.743	55	2	4	1	1	109	94
45	2	10	10	4	184	1.7696	55	2	1	0	1	85	70
45	2	10	10	5	185	1.7107	55	2	2	0	1	91	266
45	2	10	10	6	186	2.0402	55	1	4	0	1	26	406
45	2	10	10	7	187	0.80343	55	1	4	0	1	38	435
45	2	10	10	8	188	0.75223	55	1	2	0	1	21	283
45	2	10	10	9	189	0.75367	55	1	3	0	1	54	326
45	2	10	10	10	190	0.71576	55	1	1	1	1	54	404
45	2	10	10	11	191	0.73698	55	1	4	1	1	45	361
45	2	10	10	12	192	0.65578	55	2	1	0	1	82	77
45	2	10	10	13	193	0.83151	55	2	4	0	1	112	176
45	2	10	10	14	194	0.44232	55	2	4	0	1	102	131
45	2	10	10	15	195	0.57478	55	2	4	1	1	126	150
45	2	10	10	16	196	0.73232	55	1	2	0	1	21	296
45	2	10	10	17	197	0.75486	55	2	2	1	1	118	223
45	2	10	10	18	198	1.1313	55	1	2	0	1	17	306
45	2	10	10	19	199	0.97554	55	2	2	0	1	100	267
45	2	10	10	20	200	0.71421	55	2	4	1	1	100	79
45	2	11	11	20	201	0.71421	30	2	4	1	1	100	79
