21	1	1	1	1	1	68.718	0	2	0	0	1	91	68
21	1	1	1	2	2	63.545	0	1	0	1	2	20	381
21	1	1	1	3	3	32.615	0	1	0	1	3	26	440
21	1	1	1	4	4	38.004	0	1	0	1	3	13	379
21	1	1	1	5	5	24.898	0	2	0	0	2	123	63
21	1	1	1	6	6	18.719	0	1	0	0	3	13	492
21	1	1	1	7	7	20.78	0	1	0	0	3	11	453
21	1	1	1	8	8	40.247	0	2	0	1	3	116	63
21	1	1	1	9	9	26.791	0	2	0	1	4	120	182
21	1	1	1	10	10	19.831	0	1	0	1	4	38	434
21	1	1	1	11	11	15.607	0	1	0	1	5	26	427
21	1	1	1	12	12	53.036	0	2	0	0	4	99	57
21	1	1	1	13	13	22.451	0	1	0	0	4	31	384
21	1	1	1	14	14	12.715	0	2	0	0	4	101	188
21	1	1	1	15	15	17.186	0	2	0	0	3	107	166
21	1	1	1	16	16	28.967	0	1	0	1	3	14	413
21	1	1	1	17	17	35.447	0	2	0	0	3	118	187
21	1	1	1	18	18	21.904	0	1	0	1	4	21	389
21	1	1	1	19	19	16.783	0	2	0	0	3	123	118
21	1	1	1	20	20	17.862	0	1	0	1	5	36	398
21	1	2	2	1	21	15.418	50	2	0	0	3	95	105
21	1	2	2	2	22	23.102	50	2	0	0	3	130	109
21	1	2	2	3	23	15.341	50	1	0	1	4	39	410
21	1	2	2	4	24	8.1648	50	2	0	1	4	92	188
21	1	2	2	5	25	22.348	50	2	0	1	3	124	149
21	1	2	2	6	26	13.181	50	2	0	0	4	91	163
21	1	2	2	7	27	32.796	50	2	0	1	4	120	199
21	1	2	2	8	28	35.576	50	1	0	0	3	48	390
21	1	2	2	9	29	19.198	50	1	0	1	4	12	440
21	1	2	2	10	30	23.465	50	1	0	1	3	13	426
21	1	2	2	11	31	36.256	50	2	0	1	5	117	85
21	1	2	2	12	32	13.485	50	1	0	0	4	19	390
21	1	2	2	13	33	16.264	50	1	0	0	4	18	359
21	1	2	2	14	34	13.973	50	2	0	0	3	94	195
21	1	2	2	15	35	15.207	50	1	0	0	3	26	381
21	1	2	2	16	36	14.607	50	1	0	0	3	37	466
21	1	2	2	17	37	21.028	50	2	0	1	4	121	71
21	1	2	2	18	38	19.845	50	2	0	0	2	116	191
21	1	2	2	19	39	12.845	50	2	0	1	3	117	159
21	1	2	2	20	40	12.484	50	1	0	1	4	47	456
21	1	3	3	1	41	32.408	50	1	0	0	3	15	471
21	1	3	3	2	42	19.736	50	1	0	1	4	17	459
21	1	3	3	3	43	18.287	50	1	0	0	3	13	410
21	1	3	3	4	44	29.421	50	2	0	1	2	119	68
21	1	3	3	5	45	10.968	50	2	0	1	2	121	57
21	1	3	3	6	46	11.965	50	2	0	0	2	118	128
21	1	3	3	7	47	11.419	50	1	0	1	4	25	494
21	1	3	3	8	48	12.347	50	2	0	0	4	112	65
21	1	3	3	9	49	31.163	50	2	0	0	2	94	175
21	1	3	3	10	50	16.622	50	1	0	1	3	39	492
21	1	3	3	11	51	9.6848	50	2	0	0	3	113	179
21	1	3	3	12	52	19.126	50	1	0	1	4	33	376
21	1	3	3	13	53	8.9366	50	1	0	1	4	25	416
21	1	3	3	14	54	13.031	50	1	0	0	3	19	471
21	1	3	3	15	55	27.266	50	2	0	0	3	124	143
21	1	3	3	16	56	18.579	50	1	0	1	3	22	372
21	1	3	3	17	57	13.39	50	1	0	0	4	30	368
21	1	3	3	18	58	21.614	50	2	0	1	3	105	195
21	1	3	3	19	59	19.573	50	2	0	1	3	104	188
21	1	3	3	20	60	13.794	50	2	0	0	3	103	61
21	1	4	4	1	61	32.698	50	1	0	0	3	47	377
21	1	4	4	2	62	31.972	50	1	0	0	3	31	492
21	1	4	4	3	63	13.339	50	2	0	1	3	120	56
21	1	4	4	4	64	11.411	50	2	0	0	2	114	57
21	1	4	4	5	65	11.507	50	2	0	0	4	127	82
21	1	4	4	6	66	21.471	50	2	0	0	3	104	192
21	1	4	4	7	67	6.7831	50	1	0	1	4	27	366
21	1	4	4	8	68	17.467	50	2	0	0	3	100	104
21	1	4	4	9	69	12.269	50	2	0	1	4	128	118
21	1	4	4	10	70	11.399	50	1	0	1	4	46	499
21	1	4	4	11	71	18.846	50	1	0	1	4	19	435
21	1	4	4	12	72	8.0252	50	1	0	0	4	16	411
21	1	4	4	13	73	7.203	50	2	0	0	4	105	51
21	1	4	4	14	74	10.158	50	2	0	0	3	104	173
21	1	4	4	15	75	9.6763	50	2	0	1	2	92	58
21	1	4	4	16	76	7.3336	50	1	0	0	3	19	490
21	1	4	4	17	77	15.189	50	1	0	0	4	47	412
21	1	4	4	18	78	6.3011	50	1	0	1	4	38	386
21	1	4	4	19	79	14.078	50	1	0	1	2	15	430
21	1	4	4	20	80	62.828	50	1	0	0	2	37	428
21	1	5	5	1	81	20.944	40	1	0	0	2	30	414
21	1	5	5	2	82	9.9354	40	2	0	0	2	111	136
21	1	5	5	3	83	13.637	40	1	0	1	3	28	451
21	1	5	5	4	84	15.603	40	1	0	0	3	46	365
21	1	5	5	5	85	25.859	40	1	0	0	2	41	443
21	1	5	5	6	86	11.691	40	1	0	1	3	21	475
21	1	5	5	7	87	20.012	40	1	0	0	3	45	483
21	1	5	5	8	88	9.8839	40	1	0	0	3	22	393
21	1	5	5	9	89	7.0809	40	2	0	0	2	105	185
21	1	5	5	10	90	11.564	40	2	0	1	2	128	183
21	1	5	5	11	91	18.5	40	1	0	1	3	21	464
21	1	5	5	12	92	10.526	40	2	0	0	3	107	167
21	1	5	5	13	93	6.0999	40	1	0	1	4	34	500
21	1	5	5	14	94	13.266	40	2	0	1	3	105	101
21	1	5	5	15	95	9.2679	40	1	0	0	3	28	498
21	1	5	5	16	96	18.298	40	1	0	0	4	48	358
21	1	5	5	17	97	9.2359	40	1	0	0	4	34	404
21	1	5	5	18	98	14.078	40	1	0	0	3	24	443
21	1	5	5	19	99	15.532	40	1	0	0	3	48	355
21	1	5	5	20	100	13.854	40	1	0	0	3	43	489
21	1	6	6	1	101	23.774	30	2	0	1	3	95	145
21	1	6	6	2	102	23.819	30	1	0	1	3	33	435
21	1	6	6	3	103	10.29	30	1	0	0	3	27	396
21	1	6	6	4	104	14.271	30	2	0	0	3	92	184
21	1	6	6	5	105	20.604	30	2	0	1	2	100	195
21	1	6	6	6	106	7.0219	30	1	0	0	3	44	440
21	1	6	6	7	107	23.307	30	2	0	0	3	115	168
21	1	6	6	8	108	8.1126	30	1	0	1	4	14	351
21	1	6	6	9	109	8.1096	30	1	0	0	3	30	430
21	1	6	6	10	110	14.66	30	1	0	1	3	49	373
21	1	6	6	11	111	9.6335	30	2	0	1	3	125	94
21	1	6	6	12	112	8.7738	30	1	0	1	4	11	360
21	1	6	6	13	113	13.708	30	2	0	0	3	94	120
21	1	6	6	14	114	11.016	30	1	0	1	4	20	389
21	1	6	6	15	115	20.068	30	2	0	0	3	92	60
21	1	6	6	16	116	14.316	30	1	0	1	3	49	444
21	1	6	6	17	117	27.27	30	2	0	0	3	125	124
21	1	6	6	18	118	8.8851	30	1	0	1	4	31	426
21	1	6	6	19	119	11.964	30	2	0	1	4	105	193
21	1	6	6	20	120	10.349	30	2	0	0	4	116	103
21	1	7	7	1	121	10.133	55	1	0	0	3	30	483
21	1	7	7	2	122	8.1685	55	2	0	1	4	112	119
21	1	7	7	3	123	12.097	55	1	0	0	3	44	479
21	1	7	7	4	124	7.5391	55	1	0	1	3	27	455
21	1	7	7	5	125	8.5921	55	1	0	1	5	37	403
21	1	7	7	6	126	25.467	55	1	0	1	4	20	433
21	1	7	7	7	127	11.779	55	1	0	0	4	10	425
21	1	7	7	8	128	12.179	55	2	0	0	4	98	76
21	1	7	7	9	129	15.425	55	1	0	0	4	42	434
21	1	7	7	10	130	10.427	55	1	0	0	4	42	465
21	1	7	7	11	131	23.456	55	2	0	1	2	112	115
21	1	7	7	12	132	17.044	55	1	0	1	2	41	406
21	1	7	7	13	133	12.11	55	2	0	0	3	113	77
21	1	7	7	14	134	18.827	55	1	0	1	3	36	355
21	1	7	7	15	135	24.211	55	2	0	1	3	125	182
21	1	7	7	16	136	59.557	55	2	0	0	3	122	57
21	1	7	7	17	137	12.609	55	2	0	1	4	116	156
21	1	7	7	18	138	12.028	55	1	0	1	4	48	416
21	1	7	7	19	139	20.911	55	1	0	1	3	34	426
21	1	7	7	20	140	9.8127	55	2	0	0	3	108	133
21	1	8	8	1	141	11.09	55	1	0	1	4	27	397
21	1	8	8	2	142	17.376	55	2	0	1	3	120	98
21	1	8	8	3	143	12.827	55	1	0	1	3	30	352
21	1	8	8	4	144	15.852	55	2	0	1	4	123	119
21	1	8	8	5	145	13.957	55	2	0	1	2	91	121
21	1	8	8	6	146	10.938	55	1	0	1	2	42	432
21	1	8	8	7	147	12.913	55	1	0	0	3	38	493
21	1	8	8	8	148	25.111	55	1	0	1	3	25	472
21	1	8	8	9	149	16.142	55	2	0	0	3	110	70
21	1	8	8	10	150	12.174	55	1	0	1	4	36	366
21	1	8	8	11	151	8.8185	55	2	0	0	3	93	185
21	1	8	8	12	152	15.637	55	1	0	1	4	48	423
21	1	8	8	13	153	9.6449	55	1	0	0	3	24	436
21	1	8	8	14	154	10.142	55	1	0	0	3	22	418
21	1	8	8	15	155	24.229	55	1	0	1	4	13	380
21	1	8	8	16	156	5.7193	55	1	0	1	4	40	437
21	1	8	8	17	157	19.843	55	2	0	1	3	122	87
21	1	8	8	18	158	17.734	55	2	0	0	3	103	198
21	1	8	8	19	159	6.2073	55	2	0	0	2	115	163
21	1	8	8	20	160	5.7243	55	1	0	1	4	17	455
