16	1	1	1	1	1	88.001	0	1	0	0	1	22	472
16	1	1	1	2	2	22.697	0	2	0	1	2	94	115
16	1	1	1	3	3	12.224	0	2	0	1	3	92	188
16	1	1	1	4	4	12.667	0	2	0	0	1	130	117
16	1	1	1	5	5	14.724	0	1	0	1	3	23	482
16	1	1	1	6	6	10.914	0	1	0	0	2	48	470
16	1	1	1	7	7	11.629	0	2	0	0	1	117	136
16	1	1	1	8	8	21.629	0	1	0	1	3	35	366
16	1	1	1	9	9	6.6231	0	1	0	1	4	40	453
16	1	1	1	10	10	6.2208	0	1	0	1	5	22	403
16	1	1	1	11	11	9.2823	0	2	0	0	3	111	184
16	1	1	1	12	12	10.441	0	1	0	0	3	25	485
16	1	1	1	13	13	11.997	0	1	0	1	3	27	486
16	1	1	1	14	14	5.8355	0	2	0	1	4	116	102
16	1	1	1	15	15	8.298	0	2	0	1	4	125	95
16	1	1	1	16	16	12.58	0	1	0	1	4	28	376
16	1	1	1	17	17	6.5637	0	1	0	0	3	25	409
16	1	1	1	18	18	11.818	0	1	0	1	4	42	386
16	1	1	1	19	19	6.4956	0	1	0	1	4	41	428
16	1	1	1	20	20	7.6495	0	1	0	1	5	23	414
16	1	2	2	1	21	11.705	65	2	0	0	3	109	172
16	1	2	2	2	22	12.153	65	2	0	1	3	95	196
16	1	2	2	3	23	3.9752	65	1	0	0	3	32	435
16	1	2	2	4	24	11.737	65	2	0	1	3	130	194
16	1	2	2	5	25	3.7289	65	1	0	1	4	16	397
16	1	2	2	6	26	6.012	65	1	0	1	4	32	438
16	1	2	2	7	27	7.1145	65	2	0	1	4	124	101
16	1	2	2	8	28	5.7635	65	1	0	1	5	20	496
16	1	2	2	9	29	10.11	65	1	0	1	4	29	462
16	1	2	2	10	30	9.909	65	1	0	1	5	27	467
16	1	2	2	11	31	8.7294	65	2	0	0	4	99	139
16	1	2	2	12	32	18.137	65	1	0	1	5	46	421
16	1	2	2	13	33	12.234	65	2	0	1	4	127	149
16	1	2	2	14	34	8.1773	65	1	0	0	4	34	464
16	1	2	2	15	35	6.4114	65	1	0	1	4	24	402
16	1	2	2	16	36	5.1743	65	2	0	1	4	94	183
16	1	2	2	17	37	4.6617	65	1	0	1	5	34	430
16	1	2	2	18	38	4.5252	65	1	0	1	5	20	437
16	1	2	2	19	39	3.4256	65	2	0	1	5	105	127
16	1	2	2	20	40	5.3844	65	1	0	1	5	40	468
16	1	3	3	1	41	3.7786	80	2	0	0	4	105	61
16	1	3	3	2	42	5.0149	80	2	0	1	5	122	105
16	1	3	3	3	43	5.7071	80	1	0	1	5	33	371
16	1	3	3	4	44	4.143	80	1	0	1	5	38	455
16	1	3	3	5	45	6.6709	80	1	0	1	5	31	499
16	1	3	3	6	46	6.585	80	1	0	1	5	32	430
16	1	3	3	7	47	3.0821	80	1	0	1	5	15	425
16	1	3	3	8	48	4.1235	80	2	0	1	5	97	69
16	1	3	3	9	49	4.3146	80	2	0	1	5	102	147
16	1	3	3	10	50	4.1258	80	2	0	1	5	101	131
16	1	3	3	11	51	3.9582	80	1	0	1	5	12	356
16	1	3	3	12	52	4.4177	80	2	0	1	5	99	56
16	1	3	3	13	53	3.9896	80	1	0	1	5	38	404
16	1	3	3	14	54	5.5354	80	1	0	1	5	39	451
16	1	3	3	15	55	5.9334	80	1	0	1	5	17	377
16	1	3	3	16	56	7.7317	80	2	0	1	5	94	88
16	1	3	3	17	57	3.3396	80	2	0	1	5	99	62
16	1	3	3	18	58	6.8096	80	2	0	1	4	117	155
16	1	3	3	19	59	4.7062	80	1	0	1	7	40	475
16	1	3	3	20	60	4.6484	80	1	0	1	5	48	375
16	1	4	4	1	61	4.815	95	2	0	1	7	130	157
16	1	4	4	2	62	4.6287	95	2	0	1	7	100	172
16	1	4	4	3	63	5.7578	95	2	0	1	8	114	61
16	1	4	4	4	64	2.7491	95	2	0	1	8	100	59
16	1	4	4	5	65	4.2874	95	2	0	0	7	118	99
16	1	4	4	6	66	4.6656	95	1	0	1	7	49	431
16	1	4	4	7	67	3.3727	95	2	0	0	6	94	192
16	1	4	4	8	68	4.7498	95	2	0	1	7	129	187
16	1	4	4	9	69	2.9332	95	2	0	1	7	110	58
16	1	4	4	10	70	5.3009	95	1	0	1	7	31	479
16	1	4	4	11	71	3.0369	95	1	0	1	7	50	367
16	1	4	4	12	72	3.3296	95	1	0	1	7	43	391
16	1	4	4	13	73	4.6231	95	2	0	1	6	109	186
16	1	4	4	14	74	3.636	95	2	0	1	7	110	81
16	1	4	4	15	75	4.4745	95	2	0	1	8	101	151
16	1	4	4	16	76	5.1527	95	2	0	1	8	128	89
16	1	4	4	17	77	5.0914	95	1	0	1	8	21	490
16	1	4	4	18	78	4.8441	95	2	0	1	9	129	90
16	1	4	4	19	79	4.7726	95	2	0	0	8	128	142
16	1	4	4	20	80	4.9354	95	2	0	0	6	105	138
16	1	5	5	1	81	4.7988	80	1	0	1	8	48	431
16	1	5	5	2	82	4.7144	80	1	0	1	8	19	479
16	1	5	5	3	83	4.339	80	1	0	1	8	24	490
16	1	5	5	4	84	2.3429	80	2	0	1	8	99	114
16	1	5	5	5	85	3.2568	80	1	0	1	8	12	449
16	1	5	5	6	86	4.9978	80	2	0	1	8	96	118
16	1	5	5	7	87	5.261	80	2	0	1	8	92	166
16	1	5	5	8	88	7.52	80	1	0	1	8	14	438
16	1	5	5	9	89	10.065	80	2	0	1	8	128	55
16	1	5	5	10	90	7.2455	80	2	0	1	8	92	186
16	1	5	5	11	91	4.2642	80	1	0	1	8	46	392
16	1	5	5	12	92	2.6461	80	2	0	1	8	91	72
16	1	5	5	13	93	5.4768	80	2	0	1	8	118	144
16	1	5	5	14	94	5.0974	80	1	0	1	8	24	352
16	1	5	5	15	95	3.655	80	1	0	1	8	47	423
16	1	5	5	16	96	4.8538	80	1	0	1	8	34	451
16	1	5	5	17	97	4.2657	80	1	0	1	8	13	453
16	1	5	5	18	98	3.312	80	1	0	1	8	40	363
16	1	5	5	19	99	6.1059	80	2	0	1	8	112	164
16	1	5	5	20	100	4.2664	80	2	0	1	8	104	177
16	1	6	6	1	101	7.009	100	2	0	0	7	114	127
16	1	6	6	2	102	2.8394	100	1	0	1	8	30	400
16	1	6	6	3	103	4.3332	100	1	0	1	8	46	450
16	1	6	6	4	104	2.1983	100	1	0	1	8	43	400
16	1	6	6	5	105	5.2016	100	2	0	1	8	100	106
16	1	6	6	6	106	5.4058	100	1	0	1	8	41	489
16	1	6	6	7	107	3.6403	100	2	0	0	7	127	177
16	1	6	6	8	108	7.2838	100	1	0	1	8	27	432
16	1	6	6	9	109	3.5361	100	2	0	1	8	111	114
16	1	6	6	10	110	4.5967	100	1	0	1	7	10	498
16	1	6	6	11	111	3.9074	100	2	0	0	7	107	181
16	1	6	6	12	112	6.8322	100	2	0	1	8	119	135
16	1	6	6	13	113	13.896	100	2	0	1	8	93	60
16	1	6	6	14	114	4.7871	100	2	0	1	8	106	117
16	1	6	6	15	115	7.7382	100	1	0	1	8	27	371
16	1	6	6	16	116	2.2605	100	1	0	1	8	23	408
16	1	6	6	17	117	2.1787	100	1	0	1	8	14	487
16	1	6	6	18	118	4.0401	100	2	0	0	8	115	61
16	1	6	6	19	119	3.1857	100	1	0	1	8	32	449
16	1	6	6	20	120	6.0932	100	1	0	1	8	48	387
16	1	7	7	1	121	6.6358	80	1	0	1	8	47	493
16	1	7	7	2	122	3.5631	80	2	0	1	8	100	164
16	1	7	7	3	123	3.3622	80	2	0	1	8	121	109
16	1	7	7	4	124	3.509	80	2	0	1	8	90	147
16	1	7	7	5	125	2.9049	80	2	0	1	8	94	163
16	1	7	7	6	126	5.2156	80	1	0	1	8	11	479
16	1	7	7	7	127	4.9276	80	1	0	1	8	36	444
16	1	7	7	8	128	3.5182	80	1	0	1	8	38	368
16	1	7	7	9	129	4.1402	80	1	0	0	8	12	495
16	1	7	7	10	130	7.0636	80	1	0	1	8	50	454
16	1	7	7	11	131	2.2092	80	1	0	1	8	22	422
16	1	7	7	12	132	4.2994	80	2	0	1	8	120	87
16	1	7	7	13	133	8.5458	80	1	0	1	8	13	377
16	1	7	7	14	134	7.477	80	1	0	1	8	32	459
16	1	7	7	15	135	7.3891	80	1	0	1	9	39	397
16	1	7	7	16	136	5.2491	80	2	0	0	8	102	169
16	1	7	7	17	137	3.7701	80	1	0	1	8	35	378
16	1	7	7	18	138	2.7167	80	1	0	1	8	18	464
16	1	7	7	19	139	3.7268	80	2	0	1	8	101	69
16	1	7	7	20	140	4.1863	80	2	0	1	8	95	83
16	1	8	8	1	141	4.5386	90	2	0	1	8	125	176
16	1	8	8	2	142	3.6607	90	1	0	1	8	45	404
16	1	8	8	3	143	5.3676	90	2	0	1	8	129	154
16	1	8	8	4	144	5.4371	90	2	0	0	7	96	106
16	1	8	8	5	145	5.6047	90	2	0	0	8	123	98
16	1	8	8	6	146	2.9626	90	2	0	1	8	119	120
16	1	8	8	7	147	5.122	90	1	0	1	8	48	401
16	1	8	8	8	148	3.0302	90	1	0	1	8	32	473
16	1	8	8	9	149	7.6638	90	1	0	1	8	17	385
16	1	8	8	10	150	4.6907	90	1	0	1	8	13	418
16	1	8	8	11	151	5.0934	90	1	0	1	8	34	440
16	1	8	8	12	152	4.7768	90	2	0	1	8	107	109
16	1	8	8	13	153	3.8824	90	1	0	1	8	18	467
16	1	8	8	14	154	2.8443	90	2	0	1	8	97	82
16	1	8	8	15	155	3.2439	90	2	0	1	8	115	114
16	1	8	8	16	156	3.1121	90	2	0	1	8	129	127
16	1	8	8	17	157	2.379	90	1	0	1	8	37	417
16	1	8	8	18	158	5.8531	90	2	0	1	8	116	163
16	1	8	8	19	159	5.7622	90	1	0	1	8	16	471
16	1	8	8	20	160	4.9243	90	2	0	0	8	106	169
16	1	9	9	1	161	10.998	85	1	0	1	8	28	420
16	1	9	9	2	162	2.5253	85	1	0	1	8	47	452
16	1	9	9	3	163	2.2966	85	1	0	1	8	32	439
16	1	9	9	4	164	2.3036	85	2	0	1	8	112	181
16	1	9	9	5	165	4.4675	85	1	0	1	8	45	431
16	1	9	9	6	166	3.4035	85	1	0	1	8	19	491
16	1	9	9	7	167	8.0357	85	1	0	1	8	43	376
16	1	9	9	8	168	4.6738	85	2	0	1	8	98	83
16	1	9	9	9	169	2.0911	85	2	0	1	8	117	200
16	1	9	9	10	170	4.1116	85	1	0	1	8	41	449
16	1	9	9	11	171	4.2765	85	1	0	1	8	21	389
16	1	9	9	12	172	4.114	85	1	0	1	8	23	398
16	1	9	9	13	173	3.5603	85	1	0	1	8	24	355
16	1	9	9	14	174	6.4374	85	1	0	0	8	36	456
16	1	9	9	15	175	2.7563	85	1	0	1	8	34	489
16	1	9	9	16	176	8.0312	85	1	0	1	8	34	381
16	1	9	9	17	177	3.3507	85	2	0	1	8	130	95
16	1	9	9	18	178	3.2385	85	2	0	1	8	107	160
16	1	9	9	19	179	2.9803	85	2	0	1	8	106	76
16	1	9	9	20	180	4.2201	85	1	0	1	8	38	387
16	1	10	10	1	181	3.7994	95	2	0	1	8	127	109
16	1	10	10	2	182	4.8779	95	1	0	1	8	23	476
16	1	10	10	3	183	3.6173	95	2	0	0	8	94	96
16	1	10	10	4	184	3.9796	95	2	0	1	8	105	81
16	1	10	10	5	185	4.1753	95	1	0	1	8	11	472
16	1	10	10	6	186	7.4375	95	1	0	0	8	49	399
16	1	10	10	7	187	2.5038	95	1	0	0	8	21	351
16	1	10	10	8	188	7.8657	95	1	0	1	8	18	422
16	1	10	10	9	189	5.6721	95	1	0	1	8	22	458
16	1	10	10	10	190	11.455	95	1	0	1	8	37	463
16	1	10	10	11	191	1.8863	95	1	0	1	8	12	490
16	1	10	10	12	192	1.388	95	1	0	1	8	18	377
16	1	10	10	13	193	3.6734	95	1	0	1	8	24	499
16	1	10	10	14	194	3.5289	95	2	0	1	8	130	127
16	1	10	10	15	195	3.9843	95	2	0	1	8	117	159
16	1	10	10	16	196	4.1906	95	2	0	1	8	111	73
16	1	10	10	17	197	6.8319	95	1	0	1	8	20	352
16	1	10	10	18	198	2.4416	95	1	0	1	8	33	394
16	1	10	10	19	199	3.8067	95	1	0	1	8	11	454
16	1	10	10	20	200	2.7876	95	1	0	1	8	15	367
16	1	11	11	1	201	6.7475	85	2	0	1	8	102	94
16	1	11	11	2	202	4.257	85	1	0	1	8	20	400
16	1	11	11	3	203	3.1016	85	2	0	1	8	115	162
16	1	11	11	4	204	4.5684	85	2	0	1	8	111	151
16	1	11	11	5	205	6.4922	85	1	0	1	8	11	428
16	1	11	11	6	206	3.3238	85	2	0	1	8	92	177
16	1	11	11	7	207	3.1447	85	2	0	1	8	111	82
16	1	11	11	8	208	5.06	85	2	0	1	8	115	145
16	1	11	11	9	209	3.3774	85	2	0	0	8	109	137
16	1	11	11	10	210	6.6394	85	2	0	1	8	103	78
16	1	11	11	11	211	18.565	85	1	0	1	8	18	467
16	1	11	11	12	212	8.9366	85	1	0	1	8	32	353
16	1	11	11	13	213	3.7648	85	1	0	1	8	45	357
16	1	11	11	14	214	2.8011	85	1	0	1	8	18	410
16	1	11	11	15	215	2.0906	85	2	0	1	8	91	87
16	1	11	11	16	216	6.7214	85	2	0	1	8	117	86
16	1	11	11	17	217	3.7748	85	2	0	1	8	107	138
16	1	11	11	18	218	3.9623	85	1	0	1	8	12	418
16	1	11	11	19	219	12.04	85	2	0	1	8	107	116
16	1	11	11	20	220	4.355	85	2	0	1	8	102	99
16	1	12	12	1	221	2.7865	95	2	0	1	8	91	59
16	1	12	12	2	222	1.8375	95	1	0	1	8	13	488
16	1	12	12	3	223	3.5711	95	2	0	0	8	117	53
16	1	12	12	4	224	4.857	95	2	0	1	8	118	104
16	1	12	12	5	225	6.0558	95	1	0	1	8	42	466
16	1	12	12	6	226	2.0382	95	2	0	1	8	94	84
16	1	12	12	7	227	14.025	95	1	0	1	8	18	462
16	1	12	12	8	228	6.3089	95	2	0	1	8	93	63
16	1	12	12	9	229	4.216	95	2	0	0	8	100	107
16	1	12	12	10	230	4.5957	95	1	0	1	8	19	373
16	1	12	12	11	231	4.5461	95	2	0	0	8	98	74
16	1	12	12	12	232	5.5589	95	1	0	1	8	25	413
16	1	12	12	13	233	4.8977	95	2	0	1	8	113	75
16	1	12	12	14	234	2.6129	95	2	0	1	8	93	180
16	1	12	12	15	235	4.8065	95	2	0	1	8	125	153
16	1	12	12	16	236	3.3093	95	1	0	1	8	26	461
16	1	12	12	17	237	5.0049	95	1	0	1	8	41	360
16	1	12	12	18	238	2.332	95	2	0	1	8	127	110
16	1	12	12	19	239	6.9926	95	1	0	1	8	21	461
16	1	12	12	20	240	3.8869	95	2	0	1	8	121	98
16	1	13	13	1	241	2.8424	85	2	0	1	8	112	143
16	1	13	13	2	242	3.136	85	2	0	1	8	104	174
16	1	13	13	3	243	8.4035	85	2	0	1	8	94	139
16	1	13	13	4	244	2.4888	85	1	0	1	8	47	433
16	1	13	13	5	245	3.7634	85	2	0	1	8	109	170
16	1	13	13	6	246	1.6333	85	1	0	1	8	20	463
16	1	13	13	7	247	3.3127	85	2	0	1	8	116	148
16	1	13	13	8	248	4.7258	85	1	0	0	8	21	486
16	1	13	13	9	249	12.444	85	1	0	1	8	20	464
16	1	13	13	10	250	3.8403	85	1	0	1	8	14	496
16	1	13	13	11	251	2.3424	85	1	0	1	8	44	374
16	1	13	13	12	252	5.1769	85	2	0	1	8	123	168
16	1	13	13	13	253	6.0249	85	2	0	1	8	116	104
16	1	13	13	14	254	5.8194	85	2	0	1	8	110	72
16	1	13	13	15	255	2.5997	85	2	0	1	8	103	126
16	1	13	13	16	256	3.0931	85	2	0	0	8	120	197
16	1	13	13	17	257	2.8974	85	2	0	1	8	106	157
16	1	13	13	18	258	5.435	85	2	0	1	8	117	130
16	1	13	13	19	259	4.8916	85	2	0	1	8	125	182
16	1	13	13	20	260	2.6935	85	1	0	1	8	17	400
16	1	14	14	1	261	4.4851	90	1	0	1	8	26	379
16	1	14	14	2	262	2.8669	90	2	0	1	8	97	90
16	1	14	14	3	263	2.3953	90	1	0	1	8	17	353
16	1	14	14	4	264	3.2731	90	2	0	1	8	116	187
16	1	14	14	5	265	4.1845	90	1	0	1	8	32	368
16	1	14	14	6	266	4.3533	90	2	0	1	8	122	194
16	1	14	14	7	267	3.6313	90	1	0	1	8	48	490
16	1	14	14	8	268	2.4706	90	2	0	1	8	110	65
16	1	14	14	9	269	4.6622	90	1	0	0	8	44	374
16	1	14	14	10	270	2.6228	90	2	0	1	8	92	192
16	1	14	14	11	271	5.853	90	2	0	1	8	118	73
16	1	14	14	12	272	7.8805	90	2	0	1	8	97	185
16	1	14	14	13	273	3.1146	90	2	0	1	8	97	111
16	1	14	14	14	274	3.7485	90	2	0	1	8	92	89
16	1	14	14	15	275	2.8191	90	1	0	1	8	32	380
16	1	14	14	16	276	4.006	90	1	0	1	8	23	410
16	1	14	14	17	277	3.5685	90	2	0	1	8	122	101
16	1	14	14	18	278	5.0211	90	1	0	1	8	36	445
16	1	14	14	19	279	6.0288	90	1	0	1	8	37	405
16	1	14	14	20	280	5.8457	90	1	0	1	8	35	437
16	1	15	15	1	281	2.1989	95	1	0	1	8	30	494
16	1	15	15	2	282	3.7595	95	1	0	1	8	25	362
16	1	15	15	3	283	4.0501	95	2	0	1	8	98	125
16	1	15	15	4	284	3.1932	95	1	0	0	8	22	435
16	1	15	15	5	285	2.1154	95	1	0	1	8	49	458
16	1	15	15	6	286	3.2942	95	2	0	1	8	125	143
16	1	15	15	7	287	2.8519	95	1	0	1	8	36	445
16	1	15	15	8	288	4.2501	95	2	0	1	8	109	82
16	1	15	15	9	289	4.3389	95	1	0	1	8	46	496
16	1	15	15	10	290	4.5072	95	2	0	0	8	102	96
16	1	15	15	11	291	3.0328	95	2	0	1	8	92	142
16	1	15	15	12	292	5.7073	95	1	0	1	8	40	369
16	1	15	15	13	293	4.9711	95	2	0	1	8	101	128
16	1	15	15	14	294	6.2956	95	2	0	1	8	112	106
16	1	15	15	15	295	4.1143	95	2	0	1	8	104	137
16	1	15	15	16	296	7.3216	95	2	0	0	8	127	139
16	1	15	15	17	297	2.1221	95	2	0	1	8	117	96
16	1	15	15	18	298	2.6632	95	2	0	1	8	128	139
16	1	15	15	19	299	3.023	95	2	0	0	8	121	130
16	1	15	15	20	300	3.3821	95	1	0	1	8	26	352
16	1	16	16	1	301	3.618	80	2	0	1	8	95	58
16	1	16	16	2	302	3.1656	80	2	0	1	8	115	138
16	1	16	16	3	303	3.8231	80	1	0	1	8	24	492
16	1	16	16	4	304	3.895	80	1	0	1	8	36	463
16	1	16	16	5	305	1.8512	80	2	0	1	8	123	91
16	1	16	16	6	306	2.714	80	1	0	0	8	45	405
16	1	16	16	7	307	2.5466	80	1	0	0	8	42	379
16	1	16	16	8	308	2.701	80	1	0	1	8	40	384
16	1	16	16	9	309	1.8504	80	2	0	1	8	98	127
16	1	16	16	10	310	4.3423	80	2	0	0	8	109	155
16	1	16	16	11	311	2.7059	80	1	0	1	8	47	469
16	1	16	16	12	312	7.9497	80	2	0	0	8	99	187
16	1	16	16	13	313	4.5837	80	2	0	1	8	115	75
16	1	16	16	14	314	2.9942	80	2	0	1	8	128	91
16	1	16	16	15	315	2.0116	80	1	0	1	8	26	493
16	1	16	16	16	316	4.564	80	1	0	1	8	43	441
16	1	16	16	17	317	3.3868	80	1	0	1	8	39	409
16	1	16	16	18	318	3.2683	80	1	0	0	8	17	384
16	1	16	16	19	319	3.3987	80	2	0	1	8	123	95
16	1	16	16	20	320	4.4075	80	2	0	1	8	122	146
16	1	17	17	1	321	4.6862	75	2	0	1	8	115	143
16	1	17	17	2	322	3.4358	75	2	0	0	8	107	138
16	1	17	17	3	323	2.358	75	1	0	1	8	28	403
16	1	17	17	4	324	6.7291	75	2	0	0	8	115	97
16	1	17	17	5	325	4.0431	75	1	0	1	8	13	497
16	1	17	17	6	326	3.9511	75	2	0	1	8	111	187
16	1	17	17	7	327	2.2613	75	1	0	1	8	42	467
16	1	17	17	8	328	4.085	75	1	0	1	8	43	457
16	1	17	17	9	329	4.2334	75	1	0	1	8	24	425
16	1	17	17	10	330	2.8205	75	2	0	1	8	95	154
16	1	17	17	11	331	3.4812	75	1	0	1	8	32	410
16	1	17	17	12	332	6.6368	75	2	0	1	8	115	84
16	1	17	17	13	333	2.8724	75	2	0	1	8	101	77
16	1	17	17	14	334	8.0758	75	2	0	0	8	97	187
16	1	17	17	15	335	8.7462	75	2	0	1	8	102	161
16	1	17	17	16	336	7.0828	75	2	0	0	8	130	150
16	1	17	17	17	337	3.7927	75	2	0	1	8	121	109
16	1	17	17	18	338	2.4745	75	1	0	1	8	10	369
16	1	17	17	19	339	5.147	75	1	0	1	8	26	436
16	1	17	17	20	340	3.9588	75	1	0	1	8	18	381
16	1	18	18	1	341	3.565	80	1	0	1	8	44	379
16	1	18	18	2	342	2.8361	80	2	0	1	8	94	191
16	1	18	18	3	343	3.4188	80	2	0	1	8	98	82
16	1	18	18	4	344	3.0945	80	2	0	1	8	100	187
16	1	18	18	5	345	4.0154	80	2	0	0	8	122	134
16	1	18	18	6	346	7.6931	80	2	0	1	8	93	96
16	1	18	18	7	347	6.5391	80	1	0	1	8	46	401
16	1	18	18	8	348	2.5287	80	2	0	1	8	124	161
16	1	18	18	9	349	1.9875	80	1	0	1	8	30	420
16	1	18	18	10	350	3.2502	80	1	0	1	8	31	385
16	1	18	18	11	351	9.2258	80	1	0	0	8	32	381
16	1	18	18	12	352	2.3434	80	2	0	1	8	128	65
16	1	18	18	13	353	3.5135	80	1	0	1	8	12	479
16	1	18	18	14	354	4.1652	80	1	0	1	8	44	395
16	1	18	18	15	355	1.5672	80	2	0	1	8	110	172
16	1	18	18	16	356	3.1093	80	2	0	1	8	114	162
16	1	18	18	17	357	3.4695	80	1	0	1	8	40	469
16	1	18	18	18	358	4.4076	80	2	0	1	8	116	144
16	1	18	18	19	359	9.7773	80	2	0	1	8	91	112
16	1	18	18	20	360	4.2101	80	2	0	1	8	105	142
16	1	19	19	1	361	2.3622	90	2	0	1	8	130	137
16	1	19	19	2	362	2.0965	90	2	0	1	8	100	129
16	1	19	19	3	363	3.6932	90	2	0	1	8	120	110
16	1	19	19	4	364	4.7888	90	1	0	1	8	26	492
16	1	19	19	5	365	4.6503	90	2	0	1	8	110	94
16	1	19	19	6	366	4.5501	90	2	0	0	8	113	180
16	1	19	19	7	367	2.8247	90	1	0	1	8	44	495
16	1	19	19	8	368	5.6144	90	1	0	1	8	29	447
16	1	19	19	9	369	3.7539	90	2	0	1	8	121	175
16	1	19	19	10	370	13.057	90	2	0	1	8	99	130
16	1	19	19	11	371	3.5134	90	2	0	0	8	126	160
16	1	19	19	12	372	3.3359	90	2	0	1	8	93	199
16	1	19	19	13	373	3.1295	90	1	0	1	8	43	466
16	1	19	19	14	374	2.2872	90	2	0	1	8	108	124
16	1	19	19	15	375	2.6395	90	1	0	1	8	36	384
16	1	19	19	16	376	8.4381	90	2	0	1	8	94	97
16	1	19	19	17	377	6.081	90	1	0	1	8	46	430
16	1	19	19	18	378	4.431	90	2	0	1	8	130	135
16	1	19	19	19	379	6.0198	90	1	0	1	8	25	426
16	1	19	19	20	380	2.6629	90	1	0	1	8	30	473
16	1	20	20	1	381	3.2805	90	2	0	1	8	96	106
16	1	20	20	2	382	2.9735	90	2	0	0	8	98	70
16	1	20	20	3	383	4.6488	90	1	0	1	8	18	423
16	1	20	20	4	384	3.1017	90	1	0	1	8	47	453
16	1	20	20	5	385	5.3412	90	2	0	1	8	107	151
16	1	20	20	6	386	3.2296	90	1	0	1	8	36	382
16	1	20	20	7	387	6.1006	90	2	0	1	8	103	125
16	1	20	20	8	388	8.0634	90	1	0	1	8	23	351
16	1	20	20	9	389	3.382	90	2	0	1	8	100	65
16	1	20	20	10	390	3.3638	90	2	0	1	8	94	74
16	1	20	20	11	391	5.4058	90	1	0	1	8	24	417
16	1	20	20	12	392	3.0903	90	1	0	1	8	25	443
16	1	20	20	13	393	6.36	90	1	0	1	8	29	482
16	1	20	20	14	394	2.7144	90	1	0	1	8	16	373
16	1	20	20	15	395	3.4523	90	1	0	1	8	22	409
16	1	20	20	16	396	3.7005	90	2	0	1	8	95	90
16	1	20	20	17	397	1.5854	90	2	0	1	8	111	96
16	1	20	20	18	398	6.3005	90	2	0	1	8	101	115
16	1	20	20	19	399	6.9154	90	2	0	1	8	107	187
16	1	20	20	20	400	2.2155	90	2	0	1	8	119	126
16	2	1	1	1	1	12.038	95	1	4	1	8	18	483
16	2	1	1	2	2	4.0221	95	1	1	1	8	62	354
16	2	1	1	3	3	8.8788	95	1	1	0	8	57	393
16	2	1	1	4	4	1.8589	95	2	1	0	8	89	80
16	2	1	1	5	5	6.6264	95	2	4	1	8	93	199
16	2	1	1	6	6	3.4665	95	1	4	1	8	18	369
16	2	1	1	7	7	12.135	95	1	4	1	8	27	497
16	2	1	1	8	8	2.0965	95	2	1	1	8	79	79
16	2	1	1	9	9	4.6436	95	2	4	1	8	94	132
16	2	1	1	10	10	4.83	95	2	3	1	8	75	250
16	2	1	1	11	11	4.884	95	2	3	1	8	75	217
16	2	1	1	12	12	2.5911	95	1	2	1	8	41	326
16	2	1	1	13	13	5.2104	95	1	2	1	8	33	325
16	2	1	1	14	14	5.6592	95	1	4	1	8	13	429
16	2	1	1	15	15	2.3372	95	1	4	1	8	20	454
16	2	1	1	16	16	4.3922	95	2	1	1	8	75	130
16	2	1	1	17	17	5.5597	95	1	1	1	8	67	495
16	2	1	1	18	18	4.0841	95	1	4	1	8	38	428
16	2	1	1	19	19	3.9034	95	2	4	1	8	126	147
16	2	1	1	20	20	4.6171	95	2	1	1	8	88	166
16	2	2	2	1	21	7.9143	90	1	4	1	8	47	383
16	2	2	2	2	22	2.7186	90	2	1	0	8	87	199
16	2	2	2	3	23	4.2725	90	2	2	1	8	106	220
16	2	2	2	4	24	3.4144	90	1	4	1	8	13	384
16	2	2	2	5	25	5.4052	90	2	4	1	8	101	62
16	2	2	2	6	26	5.4919	90	2	3	0	8	84	257
16	2	2	2	7	27	8.9815	90	2	2	1	8	118	232
16	2	2	2	8	28	5.2695	90	2	2	1	8	93	228
16	2	2	2	9	29	4.3929	90	2	4	1	8	125	160
16	2	2	2	10	30	2.3039	90	2	3	1	8	78	217
16	2	2	2	11	31	13.043	90	1	4	1	8	11	410
16	2	2	2	12	32	6.2907	90	1	1	1	8	55	409
16	2	2	2	13	33	4.3622	90	1	3	1	8	59	296
16	2	2	2	14	34	5.059	90	2	4	1	8	121	61
16	2	2	2	15	35	3.1032	90	1	2	1	8	40	296
16	2	2	2	16	36	3.8939	90	1	4	1	8	46	468
16	2	2	2	17	37	5.2514	90	1	3	1	8	69	285
16	2	2	2	18	38	5.7397	90	1	4	1	8	43	479
16	2	2	2	19	39	2.0807	90	1	2	1	8	23	289
16	2	2	2	20	40	4.4556	90	1	4	1	8	18	467
16	2	3	3	1	41	7.5118	90	1	4	1	8	23	451
16	2	3	3	2	42	7.0097	90	1	4	1	8	43	451
16	2	3	3	3	43	5.6154	90	1	3	1	8	55	339
16	2	3	3	4	44	7.1739	90	1	4	1	8	36	419
16	2	3	3	5	45	4.4984	90	1	4	1	8	34	436
16	2	3	3	6	46	4.1033	90	2	3	0	8	71	218
16	2	3	3	7	47	4.2443	90	2	4	1	8	107	82
16	2	3	3	8	48	4.9904	90	2	3	1	8	73	251
16	2	3	3	9	49	2.2137	90	2	1	0	8	72	154
16	2	3	3	10	50	6.9064	90	2	1	1	8	77	135
16	2	3	3	11	51	5.6829	90	2	1	1	8	76	111
16	2	3	3	12	52	3.6384	90	1	2	1	8	15	313
16	2	3	3	13	53	4.7227	90	1	2	0	8	18	310
16	2	3	3	14	54	4.642	90	2	4	0	8	120	65
16	2	3	3	15	55	4.4938	90	1	4	1	8	45	443
16	2	3	3	16	56	6.0904	90	1	4	1	8	18	399
16	2	3	3	17	57	6.7175	90	1	2	1	8	44	336
16	2	3	3	18	58	4.6595	90	1	4	1	8	40	360
16	2	3	3	19	59	6.9712	90	1	1	1	8	58	416
16	2	3	3	20	60	5.7435	90	1	3	1	8	65	348
16	2	4	4	1	61	4.4105	80	2	1	1	8	88	110
16	2	4	4	2	62	2.492	80	1	4	1	8	27	373
16	2	4	4	3	63	5.7319	80	1	4	1	8	16	372
16	2	4	4	4	64	6.0294	80	2	4	1	8	117	157
16	2	4	4	5	65	5.8118	80	1	2	1	8	46	293
16	2	4	4	6	66	3.4066	80	1	2	1	8	46	279
16	2	4	4	7	67	5.8016	80	2	1	0	8	77	70
16	2	4	4	8	68	3.8474	80	2	4	1	8	116	194
16	2	4	4	9	69	4.268	80	2	1	1	8	72	102
16	2	4	4	10	70	4.6964	80	2	2	1	8	94	234
16	2	4	4	11	71	2.2146	80	2	4	1	8	121	58
16	2	4	4	12	72	2.1038	80	2	3	1	8	83	223
16	2	4	4	13	73	3.887	80	1	4	1	8	28	430
16	2	4	4	14	74	4.5804	80	2	2	1	8	103	262
16	2	4	4	15	75	5.2452	80	2	4	0	8	107	132
16	2	4	4	16	76	6.5837	80	2	4	1	8	126	158
16	2	4	4	17	77	6.3591	80	1	1	1	8	52	494
16	2	4	4	18	78	7.6065	80	2	3	1	8	73	257
16	2	4	4	19	79	5.3607	80	2	4	1	8	108	189
16	2	4	4	20	80	3.4998	80	2	2	0	8	105	222
16	2	5	5	1	81	3.3577	85	1	4	1	8	24	388
16	2	5	5	2	82	5.9921	85	2	4	1	8	118	69
16	2	5	5	3	83	3.9184	85	1	1	1	8	55	371
16	2	5	5	4	84	2.8457	85	1	2	1	8	19	310
16	2	5	5	5	85	2.2942	85	1	1	1	8	63	424
16	2	5	5	6	86	2.2639	85	2	4	1	8	119	95
16	2	5	5	7	87	7.6708	85	2	3	0	8	86	237
16	2	5	5	8	88	4.8778	85	2	3	1	8	74	273
16	2	5	5	9	89	8.0078	85	1	2	1	8	20	327
16	2	5	5	10	90	5.4489	85	1	4	1	8	29	472
16	2	5	5	11	91	7.44	85	1	1	1	8	60	415
16	2	5	5	12	92	7.8024	85	1	4	1	8	48	472
16	2	5	5	13	93	5.6325	85	2	4	1	8	99	183
16	2	5	5	14	94	2.6985	85	2	4	1	8	108	75
16	2	5	5	15	95	2.9642	85	1	4	1	8	49	449
16	2	5	5	16	96	3.6676	85	2	3	1	8	83	224
16	2	5	5	17	97	4.643	85	2	2	0	8	109	206
16	2	5	5	18	98	12.825	85	2	3	1	8	73	274
16	2	5	5	19	99	4.1162	85	1	1	1	8	53	407
16	2	5	5	20	100	3.1423	85	1	4	1	8	29	493
16	2	6	6	1	101	2.7338	90	2	4	1	8	108	79
16	2	6	6	2	102	3.8743	90	2	4	0	8	126	133
16	2	6	6	3	103	6.8061	90	1	4	1	8	42	383
16	2	6	6	4	104	1.6892	90	1	2	1	8	50	343
16	2	6	6	5	105	4.6002	90	2	4	1	8	119	188
16	2	6	6	6	106	4.5742	90	2	3	1	8	83	239
16	2	6	6	7	107	23.066	90	2	2	1	8	126	254
16	2	6	6	8	108	7.9744	90	1	2	1	8	43	311
16	2	6	6	9	109	15.898	90	2	1	1	8	75	160
16	2	6	6	10	110	4.3834	90	2	4	1	8	98	75
16	2	6	6	11	111	6.646	90	1	2	1	8	37	337
16	2	6	6	12	112	4.6313	90	1	4	1	8	18	402
16	2	6	6	13	113	2.3688	90	1	3	1	8	68	341
16	2	6	6	14	114	10.14	90	2	3	0	8	73	227
16	2	6	6	15	115	14.999	90	1	4	1	8	23	463
16	2	6	6	16	116	1.9431	90	2	2	1	8	116	257
16	2	6	6	17	117	4.7572	90	1	1	1	8	61	462
16	2	6	6	18	118	4.4163	90	1	3	1	8	60	282
16	2	6	6	19	119	5.7523	90	1	4	1	8	41	377
16	2	6	6	20	120	8.4495	90	1	2	1	8	20	336
16	2	7	7	1	121	4.1013	90	1	4	1	8	49	415
16	2	7	7	2	122	7.3357	90	1	4	1	8	18	426
16	2	7	7	3	123	3.4187	90	2	4	1	8	124	135
16	2	7	7	4	124	2.7632	90	2	4	1	8	103	167
16	2	7	7	5	125	4.7899	90	1	4	1	8	50	425
16	2	7	7	6	126	3.4758	90	1	2	1	8	11	347
16	2	7	7	7	127	3.8896	90	1	4	1	8	27	472
16	2	7	7	8	128	5.8497	90	2	3	0	8	76	250
16	2	7	7	9	129	4.7926	90	1	4	1	8	40	398
16	2	7	7	10	130	3.1079	90	1	4	1	8	30	451
16	2	7	7	11	131	5.0106	90	1	3	1	8	63	322
16	2	7	7	12	132	3.4792	90	2	4	1	8	101	169
16	2	7	7	13	133	3.3502	90	2	2	1	8	124	251
16	2	7	7	14	134	3.7049	90	2	1	1	8	84	158
16	2	7	7	15	135	2.3434	90	2	4	1	8	114	129
16	2	7	7	16	136	2.4731	90	1	3	1	8	63	307
16	2	7	7	17	137	3.4285	90	2	4	1	8	101	75
16	2	7	7	18	138	1.6691	90	2	4	1	8	105	128
16	2	7	7	19	139	4.3956	90	1	4	1	8	36	353
16	2	7	7	20	140	3.9529	90	2	4	1	8	118	114
16	2	8	8	1	141	3.4561	95	2	3	0	8	76	251
16	2	8	8	2	142	4.2375	95	1	3	1	8	59	317
16	2	8	8	3	143	4.3121	95	2	4	1	8	107	96
16	2	8	8	4	144	5.0995	95	1	3	1	8	56	282
16	2	8	8	5	145	4.034	95	1	4	1	8	45	440
16	2	8	8	6	146	1.697	95	2	4	1	8	114	125
16	2	8	8	7	147	1.731	95	2	2	1	8	99	241
16	2	8	8	8	148	2.8537	95	1	4	1	8	18	488
16	2	8	8	9	149	2.4907	95	1	1	1	8	67	406
16	2	8	8	10	150	5.1792	95	2	4	1	8	100	106
16	2	8	8	11	151	5.3448	95	2	3	0	8	84	273
16	2	8	8	12	152	3.627	95	2	4	1	8	91	110
16	2	8	8	13	153	3.4513	95	2	3	1	8	82	206
16	2	8	8	14	154	5.202	95	1	2	1	8	29	299
16	2	8	8	15	155	2.3241	95	1	1	1	8	55	444
16	2	8	8	16	156	8.3385	95	1	4	1	8	43	476
16	2	8	8	17	157	3.4597	95	2	4	1	8	106	169
16	2	8	8	18	158	1.8276	95	2	1	1	8	77	142
16	2	8	8	19	159	5.9481	95	2	3	1	8	79	226
16	2	8	8	20	160	3.1813	95	1	3	1	8	69	346
16	2	9	9	1	161	4.188	90	2	4	0	8	97	140
16	2	9	9	2	162	3.3803	90	2	2	1	8	94	228
16	2	9	9	3	163	4.242	90	2	2	1	8	123	227
16	2	9	9	4	164	1.9752	90	2	3	1	8	87	217
16	2	9	9	5	165	3.8942	90	2	4	1	8	117	137
16	2	9	9	6	166	4.907	90	1	2	1	8	39	278
16	2	9	9	7	167	4.6706	90	1	4	1	8	20	470
16	2	9	9	8	168	3.3381	90	2	4	1	8	108	113
16	2	9	9	9	169	3.1	90	1	1	1	8	60	466
16	2	9	9	10	170	3.6598	90	1	2	1	8	45	341
16	2	9	9	11	171	5.1042	90	1	1	1	8	60	400
16	2	9	9	12	172	3.8928	90	2	3	1	8	75	268
16	2	9	9	13	173	5.6847	90	2	3	1	8	85	250
16	2	9	9	14	174	2.583	90	1	4	1	8	43	352
16	2	9	9	15	175	4.684	90	2	2	1	8	90	239
16	2	9	9	16	176	5.1047	90	1	4	1	8	19	451
16	2	9	9	17	177	4.3145	90	2	3	1	8	78	247
16	2	9	9	18	178	7.1011	90	2	3	1	8	83	201
16	2	9	9	19	179	6.3789	90	1	4	1	8	27	449
16	2	9	9	20	180	2.549	90	2	2	1	8	120	202
16	2	10	10	1	181	2.7784	95	2	4	1	8	116	141
16	2	10	10	2	182	2.9847	95	1	4	1	8	25	407
16	2	10	10	3	183	2.7525	95	1	4	1	8	27	366
16	2	10	10	4	184	3.4828	95	2	2	1	8	118	237
16	2	10	10	5	185	5.3698	95	1	3	1	8	63	333
16	2	10	10	6	186	4.2875	95	2	3	1	8	77	210
16	2	10	10	7	187	4.597	95	2	4	1	8	103	80
16	2	10	10	8	188	3.246	95	2	3	1	8	74	232
16	2	10	10	9	189	4.5773	95	1	2	1	8	37	349
16	2	10	10	10	190	11.014	95	1	1	1	8	69	453
16	2	10	10	11	191	4.1932	95	1	4	1	8	35	371
16	2	10	10	12	192	6.1064	95	2	4	1	8	107	85
16	2	10	10	13	193	3.6131	95	2	3	1	8	72	264
16	2	10	10	14	194	4.2426	95	2	4	1	8	105	199
16	2	10	10	15	195	5.9752	95	1	4	1	8	45	496
16	2	10	10	16	196	3.6856	95	2	3	1	8	82	211
16	2	10	10	17	197	3.1203	95	2	3	1	8	72	254
16	2	10	10	18	198	2.5853	95	1	1	1	8	64	417
16	2	10	10	19	199	4.3035	95	2	1	0	8	74	89
16	2	10	10	20	200	3.699	95	1	1	1	8	61	395
16	2	11	11	20	201	3.699	95	1	1	1	8	61	395
